0 0.596875 0.316291 0.094646 0.094011
0 0.249068 0.697912 0.093184 0.125659
0 0.276969 0.628242 0.079976 0.092308
0 0.309976 0.565426 0.082925 0.094863
0 0.355837 0.480824 0.085118 0.096593
0 0.395825 0.417569 0.075566 0.088049
0 0.450495 0.357734 0.077783 0.089753
0 0.513962 0.326126 0.075566 0.098297
0 0.669517 0.347473 0.087335 0.100000
0 0.724186 0.406456 0.089505 0.103407
0 0.760873 0.480385 0.092453 0.105989
0 0.778844 0.577390 0.084387 0.101703
0 0.772972 0.664162 0.087311 0.085467
0 0.751698 0.718434 0.096132 0.084615
