0 0.343024 0.335264 0.120968 0.137638
0 0.411391 0.232878 0.073871 0.150619
0 0.459476 0.238429 0.080847 0.183922
0 0.514526 0.248739 0.107319 0.195000
0 0.579335 0.277282 0.114274 0.195023
0 0.629516 0.313739 0.111492 0.182339
0 0.658780 0.339106 0.097560 0.169633
0 0.697097 0.368440 0.143548 0.177569
0 0.513105 0.747638 0.166573 0.150688
0 0.486018 0.693991 0.168569 0.121009
0 0.462933 0.638280 0.170585 0.111881
0 0.394708 0.496743 0.162560 0.130138
0 0.365212 0.415917 0.146512 0.133807
0 0.356321 0.262213 0.119899 0.164885
0 0.431825 0.566365 0.164577 0.123280
