0 0.451632 0.691991 0.064235 0.079093
0 0.444300 0.120528 0.084981 0.064241
0 0.440243 0.159306 0.088619 0.058907
0 0.431707 0.204491 0.089422 0.063759
0 0.415448 0.254926 0.095933 0.069407
0 0.396754 0.326343 0.095933 0.070204
0 0.378451 0.394944 0.100000 0.083111
0 0.360159 0.479269 0.091063 0.085537
0 0.350401 0.549880 0.082929 0.078278
0 0.364226 0.621759 0.069907 0.068704
0 0.400000 0.665361 0.066679 0.075870
0 0.515457 0.707324 0.063414 0.080685
0 0.594720 0.711759 0.065858 0.084741
0 0.660970 0.704102 0.065037 0.085537
0 0.719515 0.694009 0.060149 0.089574
0 0.767071 0.682315 0.062612 0.095222
0 0.812603 0.676259 0.064235 0.096037
0 0.858134 0.677463 0.073993 0.100074
