0 0.379446 0.834644 0.087157 0.070940
0 0.364415 0.794060 0.084153 0.058119
0 0.347883 0.735940 0.091653 0.064954
0 0.322722 0.668417 0.086411 0.078624
0 0.303931 0.585929 0.071371 0.058968
0 0.297923 0.517982 0.068387 0.073486
0 0.306946 0.437638 0.074375 0.085459
0 0.349385 0.373968 0.081149 0.093165
0 0.421522 0.339771 0.082641 0.086330
0 0.502661 0.339358 0.078145 0.095734
0 0.580413 0.365849 0.074375 0.100872
0 0.639778 0.391904 0.071371 0.100000
0 0.705887 0.428234 0.078871 0.109404
0 0.756603 0.466273 0.088649 0.106858
0 0.805806 0.490642 0.081895 0.083761
