0 0.713631 0.687911 0.071099 0.152123
0 0.494009 0.409401 0.072500 0.163322
0 0.458815 0.427295 0.073922 0.131986
0 0.441562 0.477637 0.060539 0.152123
0 0.460894 0.543065 0.064116 0.106267
0 0.493664 0.573818 0.074612 0.149897
0 0.540119 0.602894 0.068987 0.154349
0 0.591498 0.633664 0.068987 0.148767
0 0.646056 0.666661 0.068276 0.149897
0 0.863222 0.295856 0.081659 0.186781
0 0.799515 0.309846 0.082349 0.203596
0 0.736519 0.327723 0.101358 0.201336
0 0.670345 0.343408 0.097155 0.201336
0 0.609450 0.355137 0.096444 0.191301
0 0.549278 0.379743 0.094332 0.193527
