0 0.658888 0.374820 0.079555 0.093784
0 0.552987 0.912185 0.090593 0.073063
0 0.602966 0.861273 0.103093 0.084122
0 0.635244 0.783232 0.094767 0.091869
0 0.662309 0.690248 0.088517 0.098514
0 0.685646 0.574302 0.073750 0.103784
0 0.687807 0.462827 0.072309 0.097635
0 0.605742 0.279876 0.084619 0.096104
0 0.553686 0.227601 0.077373 0.083806
0 0.496557 0.184561 0.070148 0.079167
0 0.437256 0.151498 0.080275 0.077635
0 0.360975 0.136126 0.078093 0.077658
0 0.287934 0.135743 0.073750 0.078423
0 0.217786 0.164189 0.072309 0.072252
0 0.225021 0.214538 0.075212 0.073041
0 0.279258 0.230248 0.086780 0.107703
