0 0.488145 0.290946 0.068135 0.082326
0 0.435143 0.300989 0.056803 0.074283
0 0.392551 0.312033 0.058668 0.072283
0 0.353750 0.329098 0.068156 0.070283
0 0.296967 0.377293 0.094631 0.086326
0 0.262900 0.439543 0.079488 0.058217
0 0.252490 0.498783 0.077602 0.064261
0 0.266680 0.583109 0.083279 0.096391
0 0.321578 0.651380 0.090861 0.080326
0 0.410543 0.704609 0.098422 0.086348
0 0.507070 0.723685 0.098443 0.080326
0 0.581844 0.720674 0.062459 0.086348
0 0.633883 0.715652 0.064365 0.096391
0 0.689723 0.706620 0.058668 0.114457
0 0.738934 0.694554 0.073811 0.114457
0 0.802357 0.680511 0.071926 0.122500
0 0.867643 0.669457 0.081393 0.132522
