0 0.381177 0.242143 0.106541 0.119683
0 0.274244 0.273472 0.105698 0.137579
0 0.198038 0.347302 0.112238 0.142063
0 0.138212 0.479286 0.099157 0.144286
0 0.117733 0.610159 0.094244 0.142063
0 0.183706 0.864623 0.117994 0.136468
0 0.142355 0.765159 0.102500 0.141111
0 0.733110 0.832758 0.095872 0.148770
0 0.759273 0.735437 0.097616 0.130873
0 0.759331 0.614087 0.095872 0.129762
0 0.731890 0.506706 0.098314 0.140952
0 0.665523 0.397639 0.104884 0.150992
0 0.582355 0.326607 0.113895 0.134246
0 0.477471 0.265635 0.104070 0.130873
