0 0.751562 0.531370 0.098891 0.123042
0 0.705847 0.464262 0.085363 0.120813
0 0.639627 0.421762 0.074052 0.123042
0 0.566220 0.415602 0.077117 0.128614
0 0.497712 0.438524 0.089859 0.147651
0 0.437429 0.481596 0.089093 0.162169
0 0.379446 0.555979 0.103246 0.163283
0 0.343468 0.632605 0.100323 0.168886
0 0.319587 0.709789 0.113810 0.171145
0 0.311694 0.781370 0.121976 0.112982
0 0.773317 0.627003 0.104819 0.117440
0 0.775111 0.727123 0.105585 0.111837
0 0.754153 0.826672 0.114556 0.118584
0 0.330444 0.859111 0.147500 0.132018
