0 0.103042 0.889199 0.105129 0.110421
0 0.151011 0.826952 0.106434 0.138567
0 0.187151 0.706461 0.102500 0.170674
0 0.213428 0.566910 0.084099 0.088371
0 0.225919 0.476545 0.080147 0.088371
0 0.235772 0.378146 0.078860 0.084326
0 0.249568 0.297823 0.074908 0.104410
0 0.294246 0.191404 0.088051 0.140562
0 0.371783 0.163287 0.101176 0.124494
0 0.480855 0.204466 0.124835 0.170674
0 0.575469 0.277753 0.124835 0.184719
0 0.675983 0.364059 0.115643 0.164579
0 0.746949 0.439396 0.115625 0.156601
0 0.812656 0.485590 0.073585 0.116461
0 0.861268 0.492612 0.060441 0.110449
0 0.907923 0.481573 0.082794 0.108427
