0 0.245350 0.654391 0.064533 0.056176
0 0.256867 0.705714 0.070667 0.058109
0 0.280300 0.759937 0.074533 0.058109
0 0.300658 0.803519 0.078350 0.063929
0 0.324850 0.847090 0.080667 0.075525
0 0.348658 0.900315 0.096017 0.100630
0 0.905350 0.251544 0.077600 0.086197
0 0.838125 0.273330 0.055317 0.079391
0 0.781275 0.274296 0.056850 0.089097
0 0.721350 0.268971 0.059933 0.088109
0 0.661425 0.264128 0.059917 0.090063
0 0.593050 0.263645 0.066067 0.091029
0 0.528525 0.263162 0.073750 0.086197
0 0.453225 0.271397 0.089117 0.092962
0 0.375258 0.293183 0.072983 0.088130
0 0.300733 0.333855 0.069900 0.084265
0 0.256867 0.395641 0.064533 0.089097
0 0.234592 0.478918 0.058383 0.089097
0 0.235358 0.570914 0.058383 0.085231
