0 0.152917 0.651549 0.073447 0.164648
0 0.188561 0.561197 0.071288 0.144577
0 0.235540 0.458803 0.070208 0.140563
0 0.103229 0.849349 0.079943 0.170669
0 0.118892 0.748961 0.074527 0.150599
0 0.283598 0.384489 0.073447 0.136514
0 0.350568 0.335299 0.071288 0.134542
0 0.422936 0.332289 0.075606 0.144577
0 0.494763 0.352359 0.085322 0.160634
0 0.560104 0.388504 0.086420 0.184754
0 0.626525 0.453768 0.089640 0.202817
0 0.674593 0.519032 0.086420 0.200810
0 0.730218 0.609384 0.098277 0.216866
0 0.772339 0.677658 0.102595 0.204824
0 0.822566 0.755968 0.110170 0.192782
