0 0.681991 0.439735 0.103661 0.178712
0 0.711098 0.508005 0.107911 0.166667
0 0.731679 0.587323 0.117857 0.160657
0 0.742339 0.647563 0.113607 0.140581
0 0.752991 0.716831 0.120696 0.138561
0 0.164411 0.778081 0.122107 0.164646
0 0.165116 0.676679 0.109339 0.138561
0 0.180027 0.597361 0.107911 0.132551
0 0.212687 0.496957 0.099411 0.136540
0 0.246777 0.417639 0.085196 0.102399
0 0.291500 0.345354 0.083786 0.106414
0 0.347589 0.294154 0.082357 0.112449
0 0.421429 0.262008 0.071000 0.120480
0 0.479643 0.259003 0.068143 0.126490
0 0.542116 0.286111 0.073839 0.132525
0 0.591821 0.322260 0.088036 0.160631
0 0.647196 0.385518 0.099393 0.170682
