0 0.824314 0.828908 0.076045 0.086553
0 0.724529 0.228645 0.083811 0.122026
0 0.738340 0.340158 0.073443 0.112053
0 0.725389 0.416158 0.073443 0.057684
0 0.673986 0.447237 0.069119 0.093211
0 0.746988 0.492711 0.066516 0.093211
0 0.788453 0.552632 0.078627 0.104316
0 0.822582 0.656934 0.072582 0.104289
0 0.829508 0.744039 0.074303 0.092079
0 0.807039 0.909355 0.079488 0.116500
0 0.596219 0.454434 0.079488 0.098763
0 0.512408 0.497158 0.089857 0.124263
0 0.471803 0.541539 0.065656 0.073237
0 0.480871 0.591461 0.059611 0.048816
0 0.525809 0.619211 0.038873 0.084316
0 0.570727 0.610882 0.056168 0.103184
0 0.627326 0.583145 0.093299 0.100974
0 0.672254 0.539329 0.076025 0.090974
