0 0.866952 0.641635 0.106556 0.144577
0 0.853635 0.524173 0.103903 0.126500
0 0.811684 0.420750 0.110561 0.148577
0 0.760408 0.338423 0.106531 0.136538
0 0.697143 0.281192 0.081224 0.138538
0 0.615906 0.272173 0.091913 0.128500
0 0.545982 0.321365 0.095893 0.138577
0 0.494707 0.385615 0.094566 0.138538
0 0.376173 0.867481 0.091888 0.130423
0 0.443431 0.480981 0.098546 0.144577
0 0.401480 0.567346 0.102551 0.148615
0 0.362844 0.669750 0.097219 0.140577
0 0.348865 0.755077 0.101199 0.134538
0 0.338202 0.833404 0.106556 0.138577
