0 0.361811 0.766184 0.132394 0.116316
0 0.315794 0.810934 0.132394 0.125289
0 0.201875 0.856789 0.118877 0.125263
0 0.536515 0.716961 0.072945 0.087237
0 0.337500 0.411026 0.078347 0.092842
0 0.602659 0.691237 0.077521 0.085000
0 0.695011 0.579947 0.137775 0.206947
0 0.749894 0.424461 0.089068 0.128658
0 0.761155 0.336105 0.097182 0.106263
0 0.758496 0.266750 0.109873 0.081658
0 0.759852 0.213053 0.114364 0.072684
0 0.354597 0.596711 0.078347 0.097316
0 0.338347 0.508342 0.082034 0.101789
0 0.256356 0.842250 0.126992 0.118553
0 0.356854 0.322684 0.091843 0.097316
0 0.400032 0.246053 0.106165 0.096211
0 0.491483 0.254447 0.103559 0.124158
