0 0.154586 0.749690 0.089383 0.120500
0 0.161928 0.670840 0.081386 0.088600
0 0.174601 0.617240 0.074714 0.082400
0 0.197274 0.534850 0.085392 0.121380
0 0.241642 0.444040 0.084729 0.113400
0 0.287673 0.370950 0.062033 0.073540
0 0.315354 0.338180 0.060045 0.077080
0 0.354044 0.311150 0.052033 0.074420
0 0.395745 0.300530 0.051370 0.081500
0 0.459789 0.306290 0.080723 0.093020
0 0.534503 0.335960 0.090060 0.115160
0 0.593547 0.373610 0.065377 0.103660
0 0.632583 0.405650 0.072274 0.111980
0 0.674503 0.447800 0.071807 0.116280
0 0.703230 0.481020 0.069021 0.110120
0 0.749322 0.526850 0.086175 0.124260
0 0.790783 0.564690 0.068102 0.091660
0 0.816732 0.586530 0.067169 0.084900
0 0.862123 0.598210 0.079217 0.084900
