0 0.152695 0.361026 0.060859 0.073632
0 0.714063 0.651368 0.078242 0.105421
0 0.672461 0.582750 0.101836 0.155605
0 0.600430 0.488211 0.096875 0.137211
0 0.784229 0.826224 0.091895 0.100395
0 0.765596 0.771000 0.086934 0.103737
0 0.738896 0.707408 0.088184 0.117132
0 0.551982 0.438013 0.062090 0.100395
0 0.520938 0.396184 0.064570 0.097053
0 0.471260 0.346816 0.067051 0.098737
0 0.426543 0.317526 0.059609 0.093684
0 0.357627 0.283224 0.105566 0.108763
0 0.273174 0.279039 0.068301 0.103763
0 0.221016 0.299961 0.065820 0.108763
0 0.171338 0.321711 0.080723 0.102053
