0 0.746490 0.757531 0.077981 0.100370
0 0.762702 0.670787 0.076442 0.106574
0 0.753250 0.571960 0.079154 0.125772
0 0.718115 0.488935 0.079923 0.120833
0 0.658010 0.431821 0.064865 0.103457
0 0.606942 0.413364 0.060615 0.099753
0 0.547673 0.410262 0.062538 0.092315
0 0.495558 0.427284 0.061000 0.101605
0 0.432635 0.475617 0.071038 0.115247
0 0.382058 0.546883 0.081077 0.131358
0 0.331087 0.649105 0.077212 0.130123
0 0.314500 0.736775 0.074115 0.107191
0 0.310250 0.807423 0.071808 0.073735
0 0.341885 0.875895 0.086500 0.100370
