0 0.100192 0.625805 0.067654 0.116473
0 0.881038 0.717175 0.066538 0.110445
0 0.123298 0.538459 0.073288 0.138562
0 0.088913 0.724195 0.072173 0.124486
0 0.550654 0.407945 0.066538 0.126507
0 0.600269 0.457140 0.075538 0.148596
0 0.668490 0.532432 0.087942 0.158630
0 0.731635 0.609932 0.083423 0.156644
0 0.788010 0.691267 0.069904 0.134521
0 0.830298 0.725411 0.050750 0.102397
0 0.488077 0.362757 0.065385 0.128527
0 0.421548 0.327603 0.063135 0.114452
0 0.369115 0.306524 0.057500 0.116473
0 0.314990 0.302500 0.066519 0.108425
0 0.232115 0.341661 0.085692 0.134555
0 0.166721 0.429007 0.076673 0.152603
