0 0.279057 0.462276 0.105802 0.098711
0 0.415472 0.909671 0.132264 0.100553
0 0.390672 0.847408 0.135590 0.099605
0 0.356356 0.773158 0.133090 0.111632
0 0.317913 0.673526 0.128986 0.126368
0 0.294351 0.553145 0.114929 0.092237
0 0.273679 0.361737 0.098396 0.095000
0 0.287748 0.290250 0.093420 0.079342
0 0.314186 0.216908 0.090118 0.096868
0 0.358420 0.171250 0.085991 0.110711
0 0.430354 0.131118 0.094245 0.128237
0 0.531627 0.122355 0.114906 0.134658
0 0.700696 0.186474 0.104175 0.150368
0 0.767241 0.240895 0.109953 0.155895
0 0.818090 0.304539 0.099198 0.137447
