0 0.843071 0.912646 0.113513 0.091796
0 0.790970 0.866153 0.095948 0.103422
0 0.754860 0.796432 0.091832 0.112718
0 0.720797 0.701153 0.085647 0.108083
0 0.691907 0.613410 0.091832 0.098762
0 0.651153 0.530316 0.088728 0.092961
0 0.603168 0.447816 0.085647 0.097621
0 0.530431 0.364150 0.086681 0.102282
0 0.457683 0.326396 0.077392 0.084830
0 0.375657 0.326966 0.080496 0.085971
0 0.317877 0.356590 0.076358 0.087160
0 0.295690 0.422840 0.079440 0.098786
0 0.330776 0.465837 0.085647 0.101092
0 0.404030 0.463507 0.104224 0.112743
0 0.470582 0.418762 0.086681 0.095291
