0 0.153750 0.571651 0.110072 0.211389
0 0.183759 0.448904 0.091395 0.159105
0 0.211784 0.366497 0.083388 0.139784
0 0.269149 0.258519 0.108732 0.173889
0 0.334194 0.171003 0.072047 0.119352
0 0.376223 0.143735 0.066721 0.112531
0 0.434257 0.123843 0.069384 0.109105
0 0.489964 0.135216 0.079384 0.115926
0 0.565688 0.186914 0.120072 0.164815
0 0.652074 0.306821 0.120743 0.222778
0 0.702446 0.424460 0.093406 0.162500
0 0.728795 0.488673 0.096721 0.168210
0 0.766775 0.584707 0.099493 0.153426
0 0.787835 0.646651 0.108062 0.145463
0 0.815181 0.715988 0.108080 0.129568
0 0.836866 0.783627 0.096739 0.103426
0 0.883234 0.844985 0.101395 0.117068
