0 0.765164 0.794071 0.090548 0.103286
0 0.896371 0.910845 0.095768 0.104643
0 0.709397 0.745238 0.083969 0.093952
0 0.659211 0.698976 0.088553 0.096857
0 0.617884 0.659095 0.087259 0.096857
0 0.557204 0.605250 0.120724 0.123214
0 0.497500 0.552190 0.093158 0.104000
0 0.451579 0.513024 0.089211 0.099714
0 0.834693 0.854929 0.108904 0.121143
0 0.398125 0.464940 0.103004 0.113262
0 0.341371 0.418643 0.094452 0.106143
0 0.278739 0.366500 0.114803 0.126429
0 0.222708 0.319607 0.089101 0.102690
0 0.175965 0.282524 0.090746 0.103286
0 0.125406 0.240976 0.089101 0.096143
