0 0.485615 0.446978 0.089229 0.158956
0 0.420615 0.407674 0.071604 0.150601
0 0.369396 0.379225 0.077125 0.153956
0 0.297240 0.354114 0.098063 0.140570
0 0.211865 0.364161 0.083729 0.127184
0 0.151823 0.428576 0.080438 0.122152
0 0.132000 0.512247 0.078208 0.105443
0 0.134198 0.637753 0.089229 0.128861
0 0.156781 0.754035 0.090354 0.127184
0 0.178260 0.877880 0.091438 0.143924
0 0.859625 0.375870 0.077125 0.120475
0 0.820510 0.449494 0.076021 0.117152
0 0.763229 0.498022 0.078208 0.107120
0 0.690521 0.509731 0.078208 0.120475
0 0.617812 0.502199 0.071625 0.132184
0 0.551708 0.482959 0.080417 0.143892
