0 0.719774 0.511758 0.083815 0.141264
0 0.896239 0.595440 0.093125 0.111593
0 0.766562 0.538764 0.081487 0.132363
0 0.113287 0.664011 0.100108 0.153736
0 0.152166 0.580604 0.081961 0.110385
0 0.190119 0.528681 0.084289 0.102692
0 0.249494 0.461607 0.074504 0.101511
0 0.294644 0.423310 0.065194 0.094973
0 0.354256 0.399574 0.060539 0.099698
0 0.413384 0.396607 0.066121 0.105632
0 0.492543 0.410852 0.071724 0.123462
0 0.551907 0.424808 0.061013 0.125220
0 0.606390 0.446470 0.076832 0.137720
0 0.841056 0.582390 0.084267 0.109231
0 0.808933 0.557459 0.079634 0.115137
0 0.660636 0.477033 0.081961 0.141868
