0 0.642813 0.372527 0.082634 0.167527
0 0.738304 0.453297 0.088884 0.173516
0 0.792467 0.513970 0.119442 0.200852
0 0.834141 0.567404 0.105558 0.162390
0 0.858092 0.607569 0.113192 0.157280
0 0.128237 0.624231 0.114598 0.098297
0 0.137266 0.549876 0.100692 0.086346
0 0.162612 0.467404 0.091652 0.088874
0 0.191429 0.411415 0.084018 0.096566
0 0.329275 0.311841 0.086094 0.112802
0 0.419208 0.297747 0.090960 0.129066
0 0.514699 0.308846 0.095826 0.149560
0 0.591786 0.342184 0.075000 0.156401
0 0.701496 0.415687 0.088884 0.173516
