0 0.267480 0.544491 0.072056 0.121512
0 0.813518 0.821250 0.071391 0.092932
0 0.778488 0.771219 0.062702 0.072500
0 0.762147 0.699722 0.076714 0.117469
0 0.737470 0.611898 0.072722 0.129722
0 0.695101 0.498534 0.078710 0.123549
0 0.647077 0.426543 0.076048 0.118457
0 0.576694 0.351975 0.080726 0.112346
0 0.507974 0.325941 0.074052 0.092932
0 0.424254 0.341265 0.073387 0.101111
0 0.362550 0.384660 0.074052 0.110309
0 0.304173 0.460756 0.076048 0.117438
0 0.237470 0.633843 0.068044 0.106204
0 0.225131 0.708920 0.075383 0.111296
