0 0.350942 0.548224 0.090377 0.108447
0 0.320109 0.634803 0.091806 0.121763
0 0.288542 0.729921 0.091806 0.125579
0 0.254117 0.806026 0.091806 0.110368
0 0.216825 0.877368 0.106151 0.131263
0 0.829345 0.619566 0.097540 0.110342
0 0.800655 0.566303 0.094683 0.106553
0 0.768383 0.499711 0.090377 0.121789
0 0.729643 0.430263 0.096111 0.135105
0 0.674415 0.355105 0.091806 0.125579
0 0.612024 0.314197 0.084643 0.108447
0 0.543165 0.300882 0.070298 0.097026
0 0.473591 0.324671 0.074603 0.098921
0 0.423383 0.395066 0.083194 0.095132
0 0.386091 0.464513 0.080317 0.097026
