0 0.183414 0.885572 0.100075 0.120602
0 0.188750 0.796702 0.088060 0.119548
0 0.198759 0.683087 0.086735 0.137861
0 0.214104 0.565693 0.089403 0.135723
0 0.238778 0.447756 0.085392 0.125994
0 0.272472 0.335211 0.086063 0.129217
0 0.319506 0.230738 0.092071 0.137861
0 0.390224 0.146732 0.093396 0.133524
0 0.472603 0.119262 0.084720 0.121717
0 0.551325 0.141355 0.083396 0.140000
0 0.618032 0.211883 0.100728 0.156175
0 0.674412 0.298057 0.096063 0.166958
0 0.722108 0.396596 0.096716 0.152952
0 0.761129 0.489217 0.092071 0.150783
0 0.793815 0.582380 0.090728 0.143253
0 0.825504 0.660467 0.098060 0.131416
