0 0.897307 0.657593 0.075977 0.126790
0 0.174114 0.881404 0.105409 0.132253
0 0.145091 0.757747 0.091409 0.125926
0 0.131409 0.629537 0.082727 0.132284
0 0.147432 0.499537 0.093409 0.136790
0 0.204466 0.416188 0.092750 0.133179
0 0.282523 0.341003 0.096727 0.124105
0 0.368909 0.293889 0.109409 0.129568
0 0.482648 0.296590 0.116750 0.138611
0 0.572045 0.347346 0.095409 0.145864
0 0.647761 0.406667 0.100068 0.154012
0 0.723477 0.468287 0.103409 0.150401
0 0.788182 0.533519 0.092727 0.148580
0 0.835545 0.593750 0.096727 0.149475
0 0.873250 0.627731 0.070727 0.105093
