0 0.660323 0.909111 0.082586 0.056933
0 0.652058 0.861469 0.085496 0.063918
0 0.646228 0.790580 0.081638 0.080180
0 0.643793 0.716804 0.082586 0.076701
0 0.638459 0.635799 0.083556 0.085979
0 0.625334 0.553866 0.084547 0.091804
0 0.607845 0.474510 0.080647 0.097629
0 0.576272 0.374575 0.089397 0.116211
0 0.533028 0.288003 0.084547 0.103428
0 0.466940 0.203170 0.080647 0.091804
0 0.412532 0.158441 0.072866 0.090644
0 0.327015 0.125889 0.096185 0.092964
0 0.234224 0.125889 0.083578 0.088325
0 0.151131 0.168892 0.088427 0.113866
0 0.109353 0.208982 0.067069 0.084820
0 0.098664 0.250232 0.078707 0.069742
0 0.103039 0.309497 0.069957 0.067397
0 0.173976 0.337397 0.073858 0.106907
