0 0.680339 0.803363 0.098390 0.084469
0 0.288316 0.403352 0.084343 0.060553
0 0.280403 0.342246 0.072754 0.081482
0 0.319417 0.311969 0.074852 0.104602
0 0.384258 0.283341 0.080127 0.095796
0 0.457553 0.270133 0.076970 0.086991
0 0.535561 0.275642 0.074852 0.084779
0 0.605689 0.302058 0.084343 0.093584
0 0.663930 0.357013 0.083072 0.091327
0 0.710943 0.417511 0.085275 0.089049
0 0.743729 0.487146 0.080890 0.086770
0 0.755763 0.567058 0.083093 0.091327
0 0.744831 0.654956 0.091822 0.098186
0 0.714227 0.736007 0.096208 0.091305
0 0.647532 0.851305 0.085275 0.079912
0 0.597246 0.875277 0.094025 0.086748
