0 0.684695 0.727038 0.095552 0.129769
0 0.738387 0.604000 0.092994 0.138692
0 0.764172 0.455788 0.085378 0.142038
0 0.750640 0.320442 0.097209 0.148808
0 0.693561 0.197385 0.109913 0.124154
0 0.223517 0.536885 0.103140 0.147615
0 0.300872 0.658250 0.117500 0.146500
0 0.385407 0.738788 0.114128 0.126423
0 0.491512 0.788019 0.099767 0.108500
0 0.590436 0.790250 0.101453 0.101808
0 0.626352 0.137000 0.105669 0.119692
0 0.155451 0.187885 0.085378 0.114077
0 0.149113 0.288558 0.087936 0.123038
0 0.174477 0.407135 0.093023 0.149885
