0 0.780707 0.899807 0.113420 0.056225
0 0.784821 0.853616 0.111786 0.048205
0 0.783242 0.802039 0.098187 0.050990
0 0.781635 0.755252 0.094973 0.056040
0 0.779141 0.704807 0.098228 0.061091
0 0.774293 0.654941 0.092212 0.064446
0 0.765117 0.597215 0.084876 0.067819
0 0.755488 0.546216 0.083036 0.068943
0 0.734148 0.482609 0.073407 0.068372
0 0.714190 0.442542 0.067445 0.063339
0 0.690357 0.390705 0.066566 0.061644
0 0.667843 0.351342 0.056703 0.055134
0 0.642246 0.311669 0.053942 0.059178
0 0.612239 0.281401 0.046786 0.057836
0 0.575350 0.248918 0.044602 0.064547
0 0.543420 0.225050 0.040192 0.065235
0 0.452850 0.194782 0.033036 0.069262
0 0.391470 0.211594 0.069918 0.105570
0 0.336690 0.232777 0.045137 0.106258
0 0.302555 0.254304 0.049560 0.106258
0 0.249979 0.313138 0.061113 0.101544
0 0.238139 0.340042 0.072679 0.078674
0 0.240343 0.391820 0.073764 0.094815
0 0.276545 0.439379 0.028613 0.037852
0 0.302356 0.387139 0.059464 0.126862
0 0.343578 0.373096 0.081662 0.127836
0 0.381236 0.344522 0.072940 0.119111
0 0.426422 0.308213 0.069766 0.112332
0 0.458139 0.280998 0.057074 0.097802
0 0.494210 0.261149 0.043613 0.046493
0 0.500158 0.206435 0.052321 0.080386
