0 0.502840 0.366456 0.118136 0.133786
0 0.575022 0.410425 0.110526 0.126917
0 0.637895 0.454235 0.100877 0.117743
0 0.697314 0.488265 0.087039 0.115461
0 0.892500 0.412512 0.083728 0.089927
0 0.882127 0.469854 0.067982 0.074320
0 0.848564 0.503350 0.053882 0.095437
0 0.804627 0.512985 0.050570 0.096359
0 0.748432 0.502063 0.081513 0.100243
0 0.347632 0.749430 0.096535 0.079442
0 0.357544 0.675449 0.096535 0.079442
0 0.348871 0.590522 0.094057 0.084927
0 0.343925 0.506966 0.099035 0.093155
0 0.334024 0.419284 0.099013 0.071238
0 0.329079 0.354903 0.089123 0.079466
0 0.364967 0.315170 0.081689 0.082184
0 0.433037 0.334527 0.108925 0.115413
