0 0.898504 0.371836 0.078443 0.186883
0 0.838863 0.321790 0.072848 0.171235
0 0.768023 0.309120 0.083258 0.150710
0 0.699969 0.338673 0.094447 0.151914
0 0.625123 0.400772 0.108074 0.165185
0 0.557879 0.479136 0.093668 0.155556
0 0.483432 0.561728 0.100061 0.154321
0 0.418586 0.632269 0.064836 0.109722
0 0.370543 0.670849 0.072848 0.112130
0 0.299703 0.702809 0.099283 0.108519
0 0.211639 0.667238 0.099262 0.136265
0 0.152408 0.561728 0.100881 0.144691
0 0.124385 0.431512 0.092869 0.154321
0 0.130389 0.316960 0.084057 0.084414
0 0.147602 0.263318 0.089672 0.078364
0 0.171219 0.206636 0.093668 0.100062
0 0.222449 0.171682 0.116086 0.112130
