0 0.284364 0.753412 0.091401 0.099235
0 0.281692 0.671015 0.082047 0.092853
0 0.290032 0.592265 0.080065 0.095588
0 0.311045 0.513971 0.078039 0.101059
0 0.344397 0.426132 0.080733 0.101971
0 0.388427 0.361941 0.083405 0.108353
0 0.458147 0.336441 0.082716 0.095588
0 0.514838 0.345559 0.077392 0.101059
0 0.576562 0.376044 0.087392 0.109265
0 0.631929 0.411103 0.092737 0.111971
0 0.679623 0.468912 0.082737 0.107412
0 0.714310 0.521721 0.081379 0.109265
0 0.744666 0.572235 0.067392 0.088294
0 0.766347 0.604559 0.064030 0.083765
0 0.792662 0.620485 0.050108 0.081029
