0 0.210700 0.436250 0.083341 0.105436
0 0.336487 0.667167 0.095905 0.105436
0 0.265744 0.649610 0.080194 0.083670
0 0.228782 0.605264 0.091185 0.068601
0 0.213847 0.540000 0.099073 0.098716
0 0.227220 0.358440 0.084914 0.093716
0 0.257877 0.291502 0.083341 0.086995
0 0.314483 0.224564 0.095905 0.093716
0 0.396239 0.175195 0.086487 0.081995
0 0.482726 0.171021 0.092780 0.083647
0 0.584935 0.211181 0.105345 0.103739
0 0.683200 0.283968 0.100625 0.125505
0 0.741379 0.354255 0.084914 0.095390
0 0.755539 0.440424 0.072328 0.123830
