0 0.893412 0.811092 0.108381 0.091914
0 0.223432 0.166453 0.112766 0.111104
0 0.220840 0.260462 0.110164 0.076914
0 0.210143 0.316025 0.103033 0.074077
0 0.191680 0.363739 0.081639 0.051261
0 0.210471 0.436385 0.107582 0.082635
0 0.262316 0.399347 0.076475 0.091171
0 0.298279 0.360180 0.071926 0.095450
0 0.338135 0.321014 0.075164 0.091171
0 0.379611 0.284673 0.080369 0.099707
0 0.444406 0.237669 0.103689 0.105428
0 0.516025 0.203131 0.093975 0.076216
0 0.585031 0.204200 0.063504 0.076914
0 0.619068 0.222714 0.081004 0.079752
0 0.651455 0.260101 0.099139 0.080473
0 0.674785 0.306757 0.108217 0.078333
0 0.702654 0.392939 0.130266 0.123941
0 0.727275 0.513671 0.119877 0.128919
0 0.746209 0.599854 0.111762 0.064302
0 0.749775 0.654459 0.102377 0.060586
0 0.763084 0.705169 0.100512 0.053176
0 0.774898 0.744730 0.090369 0.062252
0 0.800963 0.794606 0.085492 0.096869
