0 0.907656 0.329461 0.062500 0.085252
0 0.855413 0.339415 0.054933 0.087454
0 0.782690 0.334989 0.096942 0.089656
0 0.692199 0.325034 0.114174 0.098509
0 0.580692 0.315069 0.106652 0.100734
0 0.482656 0.300677 0.098036 0.107362
0 0.385167 0.286846 0.103415 0.095206
0 0.308136 0.286284 0.063549 0.094083
0 0.255357 0.296250 0.057098 0.085252
0 0.209565 0.324484 0.068951 0.077500
0 0.177779 0.358245 0.070022 0.071950
0 0.155156 0.405837 0.080804 0.065298
0 0.146540 0.457305 0.080804 0.055344
0 0.149777 0.540344 0.082946 0.092982
0 0.161094 0.622810 0.088348 0.056445
0 0.173482 0.681468 0.098036 0.058670
0 0.181563 0.757856 0.096964 0.085252
0 0.177790 0.813200 0.100179 0.052041
0 0.167556 0.860803 0.086183 0.083028
0 0.116373 0.901755 0.102344 0.094106
