0 0.100877 0.612534 0.056631 0.108851
0 0.115511 0.695248 0.074314 0.068919
0 0.219101 0.680507 0.063384 0.070833
0 0.140282 0.730631 0.059527 0.052342
0 0.193689 0.727793 0.050518 0.081757
0 0.183003 0.387083 0.054695 0.081284
0 0.892950 0.695203 0.071387 0.090676
0 0.832912 0.686836 0.040701 0.085743
0 0.799230 0.673029 0.053369 0.093626
0 0.761128 0.646847 0.055976 0.099820
0 0.729832 0.625124 0.055976 0.096959
0 0.677706 0.578784 0.083003 0.125946
0 0.615297 0.511047 0.083643 0.123581
0 0.561410 0.459234 0.055655 0.089369
0 0.530366 0.426914 0.063689 0.097928
0 0.470686 0.378908 0.076250 0.106464
0 0.407470 0.341115 0.071433 0.088896
0 0.335564 0.324245 0.071738 0.075113
0 0.276044 0.333041 0.042790 0.068919
0 0.235191 0.346824 0.049863 0.076532
0 0.152675 0.427151 0.052119 0.075563
0 0.116479 0.503919 0.071738 0.116937
