0 0.546143 0.463932 0.048445 0.165136
0 0.136105 0.358205 0.055351 0.156500
0 0.854101 0.499205 0.041524 0.135864
0 0.805366 0.501795 0.046707 0.151318
0 0.750290 0.485477 0.041524 0.153045
0 0.701265 0.482886 0.048445 0.154773
0 0.650229 0.478591 0.053628 0.159909
0 0.596593 0.465682 0.058247 0.161636
0 0.186280 0.377977 0.047287 0.161682
0 0.237599 0.393455 0.050747 0.178818
0 0.286913 0.400318 0.053643 0.165091
0 0.341410 0.416659 0.051905 0.170227
0 0.395335 0.424409 0.053628 0.158182
0 0.445213 0.436455 0.049604 0.158182
0 0.497698 0.457068 0.048445 0.154773
