0 0.143672 0.881192 0.092031 0.092308
0 0.182285 0.820077 0.098086 0.084615
0 0.226992 0.766231 0.086797 0.077769
0 0.265625 0.707269 0.091172 0.093154
0 0.312070 0.640596 0.083359 0.079500
0 0.348516 0.588019 0.086797 0.080346
0 0.393223 0.532481 0.087695 0.085500
0 0.437070 0.481615 0.093750 0.082923
0 0.492188 0.423077 0.103281 0.095692
0 0.546445 0.368788 0.095469 0.096577
0 0.610664 0.310673 0.093750 0.089731
0 0.662734 0.265250 0.091406 0.083577
0 0.720000 0.212827 0.100469 0.099423
0 0.776758 0.161135 0.091406 0.089038
0 0.837793 0.107692 0.105977 0.098923
