0 0.763849 0.241456 0.121711 0.101772
0 0.692763 0.167057 0.114605 0.111962
0 0.599918 0.115759 0.111941 0.120506
0 0.499079 0.102991 0.098618 0.115285
0 0.395576 0.117468 0.104836 0.115380
0 0.304507 0.167911 0.103947 0.129051
0 0.188125 0.302563 0.114605 0.107595
0 0.201908 0.398291 0.158158 0.186392
0 0.777615 0.740174 0.161678 0.117880
0 0.813141 0.647832 0.140362 0.082057
0 0.822467 0.552532 0.125263 0.093165
0 0.218783 0.238418 0.122632 0.131646
0 0.826908 0.431582 0.121711 0.111139
0 0.806924 0.330348 0.129704 0.101772
