0 0.415646 0.156307 0.062403 0.120229
0 0.403639 0.240206 0.060806 0.081927
0 0.338833 0.349209 0.057611 0.117592
0 0.798215 0.768291 0.063042 0.104106
0 0.761715 0.607741 0.076319 0.126032
0 0.717299 0.513222 0.077069 0.123280
0 0.682875 0.438383 0.068806 0.105711
0 0.634868 0.381571 0.065597 0.097775
0 0.591667 0.353830 0.040000 0.079266
0 0.560458 0.336651 0.044806 0.087202
0 0.509257 0.316835 0.062403 0.095138
0 0.452444 0.310894 0.056000 0.093807
0 0.390437 0.318154 0.055208 0.092500
0 0.784937 0.695688 0.069681 0.106835
0 0.288431 0.386858 0.065611 0.129495
