0 0.073156 0.512967 0.057361 0.086457
0 0.126860 0.496065 0.059367 0.090217
0 0.240270 0.455652 0.080725 0.167261
0 0.299645 0.446250 0.067377 0.167283
0 0.350008 0.443435 0.057361 0.172913
0 0.402708 0.443902 0.052022 0.175717
0 0.448403 0.451424 0.046034 0.181370
0 0.488434 0.462228 0.044707 0.187935
0 0.525123 0.473043 0.052716 0.192652
0 0.567153 0.480554 0.063380 0.183239
0 0.610517 0.500750 0.071373 0.184196
0 0.653542 0.524250 0.070725 0.182326
0 0.702238 0.545870 0.070710 0.186087
0 0.742600 0.565130 0.075386 0.181391
0 0.791968 0.584402 0.076713 0.178543
0 0.836003 0.602717 0.072716 0.175739
0 0.875687 0.605076 0.060046 0.169152
0 0.915718 0.609293 0.070725 0.171978
