0 0.220875 0.272488 0.072519 0.088762
0 0.260067 0.322985 0.067673 0.086068
0 0.296029 0.372160 0.068212 0.086748
0 0.335192 0.424272 0.073000 0.090097
0 0.391135 0.493519 0.098577 0.123155
0 0.445481 0.560449 0.080462 0.098859
0 0.520885 0.646456 0.069269 0.086068
0 0.485712 0.607184 0.066077 0.086068
0 0.785692 0.904430 0.075654 0.090121
0 0.737740 0.864381 0.067135 0.084830
0 0.682317 0.812561 0.088442 0.102209
0 0.624510 0.756748 0.078327 0.092816
0 0.572298 0.701274 0.084712 0.102888
0 0.086481 0.085607 0.069269 0.086068
0 0.130587 0.145388 0.078327 0.098204
0 0.177481 0.212973 0.079385 0.108277
