0 0.842995 0.644523 0.081887 0.086005
0 0.814811 0.605580 0.078679 0.080180
0 0.777594 0.552126 0.091462 0.110387
0 0.736120 0.506224 0.085071 0.116211
0 0.690389 0.460915 0.091439 0.109253
0 0.647323 0.416173 0.077618 0.105747
0 0.583526 0.380735 0.077618 0.099923
0 0.528219 0.366211 0.077618 0.091804
0 0.456450 0.359820 0.061675 0.085979
0 0.392111 0.366211 0.073373 0.087165
0 0.316073 0.392358 0.078703 0.088325
0 0.251745 0.420245 0.077642 0.088325
0 0.201969 0.465103 0.075495 0.081340
0 0.167948 0.511572 0.077642 0.079021
0 0.124870 0.732938 0.085071 0.119691
