0 0.520490 0.755868 0.148186 0.086317
0 0.555061 0.710992 0.158064 0.087176
0 0.595135 0.654160 0.154779 0.091450
0 0.630809 0.578950 0.147108 0.084618
0 0.656066 0.520391 0.138309 0.085477
0 0.673076 0.455859 0.121838 0.082901
0 0.676360 0.391765 0.113064 0.082920
0 0.636299 0.296889 0.142696 0.132481
0 0.528174 0.260143 0.095515 0.111966
0 0.437610 0.257576 0.101005 0.103435
0 0.337721 0.277662 0.098775 0.107691
0 0.270760 0.303731 0.100980 0.094866
0 0.222463 0.342185 0.101005 0.088034
0 0.268015 0.379323 0.080147 0.063340
0 0.463958 0.331889 0.131740 0.052214
0 0.363517 0.340010 0.042819 0.035973
0 0.337733 0.360945 0.046103 0.033416
