0 0.748930 0.560442 0.077064 0.118712
0 0.836259 0.683725 0.077064 0.127854
0 0.784886 0.622083 0.080492 0.127854
0 0.349100 0.848573 0.099299 0.116439
0 0.303722 0.766376 0.087330 0.107298
0 0.278902 0.669369 0.075341 0.108232
0 0.278902 0.558169 0.075341 0.118712
0 0.324271 0.458838 0.087330 0.111869
0 0.388485 0.404053 0.078750 0.111894
0 0.466402 0.381225 0.083902 0.098157
0 0.552869 0.394924 0.095890 0.111869
0 0.640199 0.446288 0.085625 0.123283
0 0.700133 0.505593 0.075341 0.123157
0 0.445852 0.883952 0.148977 0.127854
