0 0.549058 0.281843 0.100077 0.122626
0 0.478346 0.189419 0.100077 0.116515
0 0.418298 0.134684 0.066712 0.092854
0 0.368606 0.111465 0.064712 0.095505
0 0.304894 0.109710 0.068058 0.104268
0 0.252865 0.130732 0.073385 0.106010
0 0.190817 0.188119 0.104058 0.150682
0 0.132452 0.277904 0.095404 0.149798
0 0.116769 0.342285 0.094731 0.085833
0 0.117769 0.380833 0.095385 0.066566
0 0.136115 0.436023 0.104077 0.106894
0 0.228846 0.410189 0.088077 0.135783
0 0.796231 0.774167 0.122077 0.134899
0 0.857269 0.828472 0.116077 0.106894
0 0.754865 0.691376 0.116731 0.144520
0 0.708837 0.596326 0.112750 0.148914
0 0.661798 0.489886 0.117404 0.158561
0 0.607433 0.385644 0.112750 0.146288
