0 0.551911 0.364136 0.130536 0.131605
0 0.676518 0.345340 0.130536 0.105988
0 0.789768 0.370972 0.127607 0.104290
0 0.833786 0.443194 0.130571 0.106821
0 0.833286 0.543194 0.143429 0.118796
0 0.786304 0.665417 0.152321 0.130772
0 0.722518 0.770988 0.161179 0.133333
0 0.641911 0.870540 0.160250 0.135895
0 0.304661 0.579522 0.138464 0.090586
0 0.365482 0.516281 0.153321 0.126512
0 0.420375 0.275679 0.140464 0.123951
0 0.397625 0.156867 0.132536 0.118796
0 0.314054 0.100478 0.137464 0.108549
0 0.191429 0.119275 0.141429 0.118796
0 0.406536 0.404753 0.136500 0.122222
