0 0.486621 0.188187 0.082055 0.096044
0 0.815169 0.904437 0.104068 0.123709
0 0.846854 0.805398 0.087394 0.086511
0 0.858538 0.726676 0.082712 0.091703
0 0.857203 0.625027 0.085381 0.087363
0 0.841854 0.551071 0.074725 0.081319
0 0.806833 0.497005 0.067394 0.082198
0 0.763814 0.473640 0.057373 0.096016
0 0.705434 0.470618 0.064725 0.093434
0 0.652066 0.482308 0.068708 0.094286
0 0.584025 0.530755 0.091398 0.102940
0 0.540000 0.586538 0.080720 0.105549
0 0.518972 0.670453 0.078708 0.119368
0 0.588358 0.471497 0.089386 0.089973
0 0.592023 0.389739 0.096716 0.085632
0 0.571017 0.311896 0.096059 0.108132
0 0.527987 0.232294 0.080720 0.089093
0 0.418570 0.155742 0.066038 0.103791
0 0.360201 0.147102 0.068030 0.096896
0 0.294831 0.159629 0.073390 0.099478
0 0.232786 0.194670 0.081377 0.109011
0 0.165731 0.238365 0.079386 0.109863
0 0.111706 0.274258 0.082055 0.122857
