0 0.553161 0.207442 0.084464 0.145958
0 0.484857 0.239825 0.082500 0.136425
0 0.426107 0.283867 0.085143 0.126098
0 0.604946 0.889685 0.111607 0.125304
0 0.497393 0.860292 0.103607 0.142500
0 0.416536 0.803727 0.099000 0.134696
0 0.113268 0.655199 0.089107 0.079463
0 0.108321 0.722991 0.099000 0.099299
0 0.100732 0.807185 0.089107 0.077734
0 0.137357 0.887488 0.089750 0.120911
0 0.193134 0.853808 0.094375 0.132991
0 0.207321 0.764871 0.089750 0.100164
0 0.291795 0.322722 0.112196 0.151986
0 0.406313 0.389650 0.106268 0.142477
0 0.508607 0.470818 0.110214 0.151121
0 0.608277 0.498458 0.104946 0.135561
0 0.713536 0.507091 0.100321 0.135584
0 0.808580 0.478178 0.091089 0.131262
0 0.862696 0.416414 0.101643 0.126939
0 0.860062 0.293797 0.110875 0.140771
0 0.810563 0.203984 0.108232 0.132126
0 0.749848 0.169451 0.087125 0.140771
0 0.678893 0.161671 0.067964 0.120023
0 0.623777 0.185432 0.087125 0.151986
