0 0.900963 0.510780 0.095370 0.191213
0 0.809815 0.585928 0.095370 0.190173
0 0.729987 0.650866 0.081148 0.180990
0 0.660963 0.729592 0.075880 0.183045
0 0.586932 0.788379 0.073227 0.169728
0 0.537934 0.860978 0.063750 0.161559
0 0.469432 0.873243 0.071135 0.165644
0 0.390395 0.859443 0.086939 0.178936
0 0.312156 0.786337 0.095893 0.190198
0 0.227321 0.711696 0.095893 0.184035
0 0.152506 0.601275 0.106441 0.208589
0 0.084273 0.538391 0.086939 0.150297
0 0.083214 0.403416 0.086939 0.162574
0 0.134585 0.310371 0.104324 0.203465
0 0.209407 0.223973 0.097997 0.196312
0 0.293189 0.159035 0.102219 0.197327
0 0.384337 0.134493 0.079031 0.185074
0 0.459949 0.135520 0.091148 0.172822
0 0.549260 0.125297 0.084311 0.172822
0 0.641205 0.155978 0.098533 0.185074
0 0.733144 0.189715 0.059018 0.166658
