0 0.460873 0.755773 0.070660 0.175928
0 0.390212 0.722539 0.068868 0.172036
0 0.329393 0.639948 0.075130 0.178866
0 0.191869 0.588144 0.071120 0.172990
0 0.125230 0.642887 0.074682 0.176907
0 0.063520 0.739652 0.078267 0.178892
0 0.021586 0.860863 0.043172 0.196469
0 0.018897 0.256791 0.037795 0.186675
0 0.074475 0.250438 0.075130 0.189639
0 0.145136 0.241160 0.064399 0.180825
0 0.199699 0.227461 0.055460 0.198428
0 0.276392 0.207925 0.082736 0.192552
0 0.351751 0.174201 0.064399 0.152474
0 0.390660 0.254343 0.083184 0.195490
0 0.381716 0.354536 0.081403 0.159330
0 0.886415 0.108711 0.080943 0.142732
0 0.915041 0.256791 0.077370 0.126108
0 0.907877 0.418067 0.085425 0.182784
0 0.846162 0.530000 0.078267 0.183763
0 0.773715 0.628711 0.086321 0.199381
0 0.692093 0.699085 0.072441 0.177912
0 0.614275 0.731340 0.065295 0.175928
0 0.538921 0.750889 0.066639 0.170077
