0 0.164618 0.755788 0.074921 0.107946
0 0.213855 0.797237 0.077789 0.106226
0 0.260947 0.829188 0.060658 0.111401
0 0.324816 0.845159 0.061368 0.110541
0 0.452901 0.828758 0.066355 0.117452
0 0.523546 0.818822 0.069224 0.116592
0 0.580276 0.794642 0.072789 0.113137
0 0.635579 0.768734 0.073500 0.109666
0 0.681599 0.744124 0.071355 0.110541
0 0.744401 0.719944 0.071355 0.107086
0 0.791138 0.694037 0.070645 0.108806
0 0.904592 0.627970 0.077789 0.107946
0 0.846079 0.661656 0.074921 0.109682
0 0.408658 0.137906 0.087763 0.107086
0 0.357283 0.077890 0.090618 0.113137
0 0.692303 0.444467 0.087053 0.107086
0 0.649138 0.390932 0.089197 0.105366
0 0.603822 0.339116 0.081355 0.098455
0 0.563862 0.292914 0.081355 0.099299
0 0.515336 0.250605 0.084197 0.099299
0 0.467526 0.192317 0.085632 0.101895
0 0.269158 0.068830 0.089921 0.093264
0 0.235618 0.143527 0.092763 0.092404
0 0.205289 0.216059 0.092053 0.092404
0 0.173178 0.280828 0.089197 0.088949
0 0.158553 0.348615 0.092763 0.084618
0 0.133579 0.407771 0.092763 0.083758
0 0.110026 0.472102 0.092763 0.091529
0 0.078276 0.544212 0.092053 0.092404
0 0.084697 0.636186 0.093474 0.093264
0 0.123947 0.702675 0.092053 0.101911
