0 0.482396 0.710643 0.089347 0.130771
0 0.094306 0.816460 0.091167 0.133855
0 0.196417 0.852710 0.087528 0.122710
0 0.304007 0.889112 0.094819 0.123738
0 0.381187 0.801133 0.094819 0.142220
0 0.589069 0.656495 0.087528 0.126776
0 0.700597 0.635012 0.093000 0.116565
0 0.782653 0.698820 0.091778 0.123715
0 0.884160 0.603329 0.094208 0.157453
0 0.920319 0.414673 0.071722 0.146215
0 0.871396 0.234708 0.091792 0.160537
0 0.811833 0.105315 0.097861 0.147126
0 0.712757 0.199439 0.089347 0.134953
0 0.597278 0.236250 0.086917 0.112453
0 0.481181 0.220350 0.097861 0.129766
0 0.383319 0.251589 0.088139 0.161542
0 0.314028 0.415140 0.091778 0.149393
0 0.235014 0.545502 0.088139 0.144089
0 0.136243 0.605374 0.088736 0.122710
0 0.076069 0.641110 0.080222 0.133014
0 0.168153 0.695350 0.094222 0.126776
