0 0.838544 0.218571 0.079609 0.113343
0 0.769715 0.181907 0.072913 0.110471
0 0.640999 0.160000 0.078873 0.116200
0 0.579615 0.124286 0.076641 0.117143
0 0.526044 0.099521 0.079609 0.119043
0 0.459079 0.092857 0.072176 0.117143
0 0.380206 0.104764 0.088538 0.121900
0 0.331847 0.167143 0.088538 0.115229
0 0.290179 0.228571 0.090022 0.112371
0 0.245167 0.291429 0.089286 0.114286
0 0.197171 0.354286 0.094498 0.121914
0 0.143973 0.413336 0.090781 0.121900
0 0.087054 0.470479 0.088549 0.116186
0 0.039436 0.528093 0.075145 0.107614
0 0.045385 0.616193 0.085569 0.106671
0 0.092634 0.674764 0.086317 0.113329
0 0.148064 0.725714 0.075145 0.114286
0 0.205357 0.770479 0.082589 0.118100
0 0.263393 0.805714 0.073661 0.118086
0 0.322545 0.827621 0.062500 0.112386
0 0.383929 0.849529 0.064732 0.114286
0 0.452377 0.870000 0.069196 0.115229
0 0.524554 0.914764 0.075156 0.115243
0 0.589286 0.890000 0.076629 0.117143
0 0.652528 0.857143 0.079609 0.120000
0 0.712796 0.819043 0.081105 0.120000
0 0.768973 0.758571 0.089286 0.109514
0 0.809152 0.690471 0.090781 0.108571
