0 0.046002 0.564462 0.064009 0.284241
0 0.102588 0.633481 0.067441 0.287342
0 0.161645 0.705570 0.064399 0.288354
0 0.221274 0.757706 0.060967 0.292437
0 0.282052 0.799636 0.062877 0.286297
0 0.350442 0.779193 0.067064 0.294462
0 0.423980 0.793513 0.080012 0.296519
0 0.494664 0.767943 0.076592 0.290380
0 0.562294 0.740839 0.076215 0.277120
0 0.621162 0.680522 0.077347 0.287310
0 0.691274 0.613022 0.083443 0.285285
0 0.758715 0.541456 0.078868 0.287342
0 0.830920 0.507706 0.083066 0.293449
0 0.903119 0.417737 0.094870 0.299589
