0 0.745772 0.566485 0.095932 0.247441
0 0.845808 0.310868 0.095932 0.241324
0 0.907506 0.172309 0.094705 0.258676
0 0.787795 0.420779 0.096344 0.238265
0 0.011710 0.596132 0.023420 0.255618
0 0.064004 0.545015 0.073785 0.245382
0 0.131238 0.527632 0.063962 0.249500
0 0.194369 0.493897 0.061498 0.247441
0 0.254021 0.475485 0.056981 0.245382
0 0.291940 0.538368 0.060672 0.234147
0 0.341344 0.554735 0.053703 0.238235
0 0.391769 0.578750 0.053703 0.239265
0 0.445065 0.601765 0.057795 0.234176
0 0.485855 0.702485 0.065601 0.231088
0 0.538337 0.752059 0.069693 0.238235
0 0.596958 0.797059 0.059858 0.236176
0 0.657017 0.766382 0.058632 0.238235
0 0.694735 0.670265 0.079116 0.219824
