0 0.631049 0.083374 0.068678 0.109526
0 0.564892 0.088137 0.068664 0.107614
0 0.502091 0.102426 0.073693 0.109526
0 0.433412 0.114812 0.080388 0.117141
0 0.373534 0.160049 0.087931 0.118105
0 0.316595 0.192908 0.087931 0.113333
0 0.273879 0.232908 0.087931 0.105719
0 0.225733 0.275760 0.092126 0.107631
0 0.177579 0.330049 0.092945 0.100000
0 0.141990 0.385286 0.095474 0.098088
0 0.113096 0.439567 0.092945 0.088578
0 0.091322 0.505760 0.094626 0.083807
0 0.098858 0.586242 0.092945 0.079052
0 0.121889 0.648145 0.088779 0.082859
0 0.149102 0.705286 0.086250 0.082859
0 0.181760 0.761953 0.084583 0.089526
0 0.228664 0.817190 0.076207 0.099052
0 0.285194 0.845760 0.066997 0.100964
0 0.340876 0.870474 0.069511 0.102941
0 0.401171 0.892851 0.067830 0.098186
0 0.463563 0.914330 0.063649 0.100948
0 0.526789 0.907141 0.061135 0.100098
0 0.919555 0.086716 0.076207 0.106667
0 0.644447 0.878619 0.066997 0.098088
0 0.714792 0.857672 0.072026 0.103807
0 0.777184 0.832851 0.071178 0.101814
0 0.834547 0.807672 0.072026 0.102859
0 0.901961 0.779526 0.074526 0.105817
0 0.584576 0.896242 0.061135 0.099052
0 0.842083 0.082328 0.070345 0.103807
0 0.774670 0.081479 0.062816 0.103807
0 0.707263 0.079518 0.066997 0.103709
