0 0.759414 0.075637 0.065937 0.096584
0 0.705697 0.110683 0.070169 0.098292
0 0.649434 0.148711 0.065299 0.095714
0 0.597077 0.179480 0.068086 0.097438
0 0.486354 0.252989 0.067370 0.097438
0 0.432272 0.287174 0.065299 0.097422
0 0.377767 0.322640 0.065221 0.094876
0 0.329746 0.354270 0.068086 0.094876
0 0.269922 0.397430 0.083073 0.107686
0 0.206836 0.448711 0.084583 0.107702
0 0.143047 0.499138 0.071667 0.097438
0 0.091803 0.540590 0.070951 0.094876
0 0.074961 0.647003 0.078828 0.092298
0 0.121191 0.698711 0.073815 0.088043
0 0.171719 0.751708 0.071667 0.091460
0 0.219740 0.794014 0.068802 0.095730
0 0.270267 0.832477 0.065221 0.092314
0 0.319004 0.864092 0.063789 0.095730
0 0.378483 0.895722 0.063789 0.097438
0 0.435827 0.921359 0.063789 0.097438
0 0.499609 0.928199 0.060911 0.097422
0 0.556589 0.912818 0.060208 0.099146
0 0.618939 0.887174 0.058763 0.097422
0 0.681654 0.867950 0.058047 0.098292
0 0.741497 0.845722 0.063073 0.096568
0 0.801699 0.820078 0.063060 0.100000
0 0.866914 0.790171 0.068802 0.100000
0 0.932493 0.765807 0.066654 0.102578
