0 0.885848 0.665493 0.091339 0.115161
0 0.784565 0.724358 0.101272 0.118578
0 0.676897 0.776078 0.134777 0.130963
0 0.256652 0.902236 0.053661 0.109014
0 0.176440 0.826491 0.120112 0.126193
0 0.136417 0.542638 0.108103 0.064450
0 0.135234 0.598670 0.112433 0.059312
0 0.131897 0.411674 0.107098 0.054174
0 0.131730 0.466525 0.106094 0.057592
0 0.144252 0.319450 0.096406 0.088440
0 0.170781 0.280367 0.098080 0.088440
0 0.233337 0.190722 0.126451 0.129931
0 0.331585 0.105023 0.122768 0.123073
0 0.459699 0.091995 0.118772 0.111422
0 0.546775 0.148739 0.115424 0.124771
0 0.312065 0.900700 0.058371 0.110711
