0 0.825967 0.173768 0.081584 0.117140
0 0.751693 0.141394 0.076206 0.113327
0 0.677805 0.117104 0.070029 0.104748
0 0.611228 0.097581 0.067718 0.105701
0 0.537725 0.089011 0.066962 0.111439
0 0.475385 0.084245 0.059259 0.109532
0 0.413815 0.085198 0.068503 0.113345
0 0.350705 0.084721 0.068503 0.114299
0 0.239106 0.181385 0.099288 0.109532
0 0.204469 0.261385 0.096206 0.092374
0 0.166366 0.341385 0.095436 0.101906
0 0.132885 0.411871 0.094666 0.103813
0 0.100945 0.498534 0.089273 0.090486
0 0.094404 0.581394 0.090058 0.080953
0 0.115182 0.671871 0.090044 0.098094
0 0.159826 0.749964 0.090058 0.103813
0 0.232173 0.831862 0.105451 0.128579
0 0.311446 0.892338 0.094666 0.123813
0 0.409578 0.917104 0.086192 0.108561
0 0.498474 0.912815 0.090058 0.111421
0 0.584288 0.870908 0.092355 0.113327
0 0.638169 0.809487 0.086192 0.108579
0 0.711279 0.752815 0.096977 0.120953
0 0.792863 0.698058 0.098517 0.125719
0 0.850203 0.604721 0.080814 0.114299
0 0.927558 0.585198 0.066192 0.115252
