0 0.516250 0.508967 0.086693 0.132461
0 0.919062 0.701270 0.093281 0.122500
0 0.896686 0.796368 0.081497 0.128917
0 0.832611 0.791014 0.064544 0.131043
0 0.773958 0.786388 0.077266 0.131752
0 0.737676 0.762884 0.069727 0.141752
0 0.661595 0.794577 0.086211 0.170925
0 0.606003 0.887530 0.084323 0.165965
0 0.530625 0.859400 0.077734 0.160965
0 0.455951 0.835177 0.079141 0.156693
0 0.372083 0.763593 0.097995 0.137461
0 0.862057 0.477618 0.093281 0.125354
0 0.888913 0.582333 0.091393 0.112539
0 0.415905 0.662451 0.096107 0.146004
0 0.471732 0.581614 0.086224 0.131063
0 0.238997 0.710531 0.094687 0.155276
0 0.303776 0.756476 0.074427 0.140315
0 0.570664 0.436319 0.083385 0.135315
0 0.618255 0.385394 0.082448 0.131772
0 0.676673 0.320581 0.096576 0.146004
0 0.691745 0.184183 0.091875 0.145295
0 0.623665 0.146427 0.074440 0.135335
0 0.564303 0.136102 0.074440 0.136024
0 0.491042 0.140738 0.072083 0.138169
0 0.423444 0.165305 0.069727 0.138878
0 0.349479 0.200207 0.087630 0.144587
0 0.231927 0.281043 0.094687 0.141024
0 0.186465 0.362963 0.085742 0.128209
0 0.145241 0.436309 0.087148 0.128209
0 0.126159 0.541014 0.094219 0.136752
0 0.148542 0.630049 0.102240 0.135335
