0 0.228431 0.800479 0.077937 0.096287
0 0.725225 0.240427 0.081800 0.099237
0 0.676894 0.199708 0.074363 0.094147
0 0.624838 0.160262 0.070125 0.094147
0 0.577013 0.126557 0.072275 0.092874
0 0.513294 0.086475 0.055237 0.094147
0 0.459644 0.077567 0.052063 0.089057
0 0.399087 0.069933 0.060550 0.094147
0 0.338538 0.068024 0.060550 0.092874
0 0.274800 0.106198 0.077550 0.090329
0 0.234425 0.157717 0.075425 0.086512
0 0.205212 0.218159 0.074375 0.082695
0 0.173344 0.272859 0.078613 0.080150
0 0.150500 0.350472 0.081800 0.082710
0 0.127656 0.411542 0.082863 0.080150
0 0.106762 0.482807 0.082700 0.081901
0 0.084500 0.548997 0.079525 0.080958
0 0.076937 0.642335 0.088275 0.100000
0 0.125450 0.704237 0.083500 0.096198
0 0.178731 0.760434 0.072362 0.094281
0 0.280519 0.858997 0.064412 0.095240
0 0.331813 0.883286 0.063625 0.092380
0 0.391462 0.903757 0.066800 0.095240
0 0.450700 0.926145 0.070775 0.094296
0 0.526250 0.915666 0.078725 0.098099
0 0.575563 0.874716 0.077125 0.100000
0 0.629238 0.833286 0.079525 0.097141
0 0.676550 0.789476 0.078725 0.100958
0 0.729038 0.716145 0.083500 0.102859
0 0.786287 0.684237 0.075550 0.100000
0 0.850313 0.667141 0.066800 0.096287
0 0.919100 0.675195 0.070775 0.095240
