0 0.870503 0.124968 0.084109 0.114548
0 0.800424 0.155185 0.074009 0.114565
0 0.737062 0.182879 0.079612 0.117081
0 0.663606 0.215605 0.085230 0.117081
0 0.581667 0.248363 0.087184 0.118887
0 0.502601 0.280702 0.083333 0.115403
0 0.432514 0.308242 0.072414 0.114516
0 0.362816 0.333597 0.080977 0.114516
0 0.289224 0.363315 0.089569 0.119758
0 0.212902 0.399161 0.084885 0.119774
0 0.144763 0.445056 0.104353 0.118887
0 0.096487 0.509315 0.112141 0.118016
0 0.123348 0.601540 0.117586 0.124145
0 0.193434 0.666847 0.109799 0.126758
0 0.248728 0.721919 0.102026 0.121516
0 0.309468 0.772169 0.102011 0.122403
0 0.371379 0.815895 0.093448 0.120629
0 0.419662 0.853919 0.080991 0.112774
0 0.483908 0.889323 0.083333 0.113645
0 0.557112 0.907250 0.077098 0.111016
0 0.634598 0.908556 0.071638 0.117145
0 0.704684 0.900685 0.080977 0.118887
0 0.766990 0.866597 0.080991 0.118903
0 0.827723 0.824202 0.088779 0.116274
0 0.885359 0.780927 0.093448 0.118887
