0 0.460270 0.429425 0.074435 0.120664
0 0.384165 0.423805 0.077776 0.129867
0 0.313335 0.372157 0.079435 0.137013
0 0.241683 0.312865 0.082764 0.153385
0 0.183906 0.218285 0.077212 0.146217
0 0.126418 0.154889 0.074447 0.142124
0 0.049207 0.132389 0.085553 0.131903
0 0.517758 0.884956 0.078329 0.123717
0 0.593305 0.852743 0.077212 0.130885
0 0.669687 0.806217 0.084423 0.140088
0 0.742452 0.745387 0.082212 0.137013
0 0.816617 0.690675 0.084988 0.140066
0 0.897440 0.636482 0.086659 0.144159
0 0.910493 0.101206 0.083870 0.143164
0 0.829111 0.152334 0.083317 0.145199
0 0.750234 0.206527 0.081094 0.143142
0 0.678858 0.271958 0.087212 0.153385
0 0.602470 0.339447 0.085541 0.143142
0 0.530535 0.389038 0.073882 0.129845
0 0.018492 0.597633 0.036983 0.131903
0 0.071977 0.645686 0.083329 0.142124
0 0.142254 0.713164 0.083882 0.142124
0 0.217242 0.790365 0.086094 0.149270
0 0.280565 0.871139 0.078317 0.128827
0 0.357782 0.889038 0.073882 0.125774
0 0.437770 0.900288 0.077224 0.123717
