0 0.858762 0.175680 0.059904 0.111429
0 0.221695 0.836633 0.083462 0.126667
0 0.291695 0.886633 0.075385 0.120000
0 0.374483 0.881395 0.079423 0.122857
0 0.440445 0.840442 0.063269 0.113333
0 0.923041 0.166633 0.051154 0.114286
0 0.784044 0.178061 0.059916 0.114286
0 0.725493 0.170918 0.058558 0.117143
0 0.652800 0.165204 0.053173 0.113333
0 0.592224 0.159490 0.055865 0.113333
0 0.519195 0.125204 0.051154 0.111429
0 0.467704 0.117109 0.050481 0.114286
0 0.406436 0.099966 0.055901 0.114286
0 0.347560 0.085204 0.059231 0.124762
0 0.263089 0.122347 0.082788 0.124762
0 0.203522 0.178061 0.079423 0.123810
0 0.150012 0.229490 0.067981 0.114286
0 0.100204 0.264252 0.066635 0.111429
0 0.053089 0.329490 0.078750 0.095238
0 0.029742 0.398061 0.059483 0.104762
0 0.024357 0.529966 0.048714 0.122857
0 0.042656 0.634252 0.082115 0.114286
0 0.092127 0.721871 0.077404 0.112381
0 0.147993 0.781395 0.082788 0.119048
0 0.497993 0.805204 0.065288 0.115238
