0 0.627553 0.780689 0.072231 0.109371
0 0.572307 0.814970 0.070362 0.109371
0 0.516291 0.845007 0.073843 0.106272
0 0.462360 0.875479 0.073037 0.109012
0 0.413002 0.897754 0.054579 0.103533
0 0.350000 0.915419 0.066075 0.105240
0 0.283388 0.914214 0.062336 0.104895
0 0.215438 0.879588 0.084801 0.111751
0 0.162599 0.819259 0.081857 0.106272
0 0.124346 0.751205 0.081869 0.097710
0 0.093843 0.680584 0.084533 0.099072
0 0.072447 0.605165 0.083470 0.086048
0 0.061472 0.528548 0.080794 0.076108
0 0.061478 0.453301 0.081857 0.080554
0 0.070169 0.370000 0.086951 0.093593
0 0.106822 0.290808 0.084276 0.101826
0 0.150292 0.228076 0.081332 0.103189
0 0.205672 0.187620 0.076507 0.105240
0 0.259574 0.144596 0.079451 0.107635
0 0.315088 0.105007 0.074381 0.110045
0 0.383043 0.085457 0.066881 0.109356
0 0.452985 0.091632 0.075689 0.114162
0 0.498867 0.163458 0.089860 0.089820
0 0.496063 0.248129 0.088014 0.085030
0 0.498610 0.332635 0.085070 0.097695
0 0.565088 0.353368 0.063937 0.102156
0 0.634375 0.340516 0.068213 0.103189
0 0.702734 0.322178 0.069556 0.106961
0 0.757436 0.296295 0.062862 0.102500
0 0.815491 0.269558 0.071963 0.108668
0 0.879025 0.241272 0.078119 0.110389
