0 0.595603 0.680026 0.105517 0.131037
0 0.501078 0.767908 0.099052 0.127517
0 0.407967 0.856531 0.097601 0.125816
0 0.309346 0.903835 0.083980 0.114847
0 0.221739 0.860298 0.104540 0.123759
0 0.147019 0.784881 0.108032 0.117585
0 0.102557 0.678087 0.106006 0.098044
0 0.121386 0.539592 0.105417 0.103537
0 0.158599 0.422347 0.108032 0.117245
0 0.218980 0.302560 0.106580 0.118316
0 0.294576 0.194396 0.107170 0.124065
0 0.381171 0.106105 0.100790 0.127177
0 0.470524 0.090510 0.072112 0.114490
0 0.520625 0.116565 0.073865 0.111769
0 0.593024 0.160791 0.075014 0.110391
0 0.623585 0.182381 0.077629 0.108333
0 0.701207 0.221981 0.085144 0.112092
0 0.757680 0.154286 0.079928 0.112483
0 0.830230 0.140731 0.073276 0.118265
0 0.914511 0.217866 0.095287 0.114847
