0 0.005485 0.449207 0.010970 0.333780
0 0.047874 0.443384 0.065748 0.350183
0 0.121215 0.493567 0.072897 0.371159
0 0.191431 0.660457 0.073797 0.406159
0 0.255386 0.708323 0.069322 0.357134
0 0.321349 0.697805 0.067091 0.364146
0 0.397599 0.612622 0.068423 0.385122
0 0.479001 0.710640 0.068423 0.375793
0 0.554801 0.687317 0.069766 0.352439
0 0.631501 0.569421 0.075572 0.392134
0 0.697243 0.357012 0.072009 0.401463
0 0.777301 0.427012 0.066636 0.331463
0 0.796303 0.595122 0.064404 0.312805
0 0.847062 0.655793 0.061273 0.392195
0 0.912588 0.469055 0.080502 0.401524
