0 0.614911 0.084912 0.049131 0.104298
0 0.550798 0.079284 0.079095 0.101228
0 0.920476 0.739810 0.070762 0.101228
0 0.858446 0.769978 0.069940 0.104284
0 0.792673 0.794518 0.061607 0.100205
0 0.750208 0.813947 0.068274 0.100205
0 0.682768 0.846667 0.086583 0.108392
0 0.596595 0.880921 0.089095 0.105322
0 0.505423 0.905461 0.086583 0.097149
0 0.421750 0.916199 0.077429 0.098158
0 0.336405 0.905453 0.081595 0.099181
0 0.255643 0.851776 0.101571 0.118611
0 0.175714 0.791966 0.088262 0.113494
0 0.114935 0.722434 0.091583 0.109401
0 0.069554 0.635015 0.087417 0.100205
0 0.049155 0.533275 0.081595 0.093041
0 0.055821 0.431535 0.081595 0.094064
0 0.077048 0.333889 0.087429 0.097135
0 0.124923 0.245439 0.088250 0.108392
0 0.176958 0.180000 0.070774 0.087924
0 0.208185 0.149327 0.069940 0.089971
0 0.258970 0.116608 0.063274 0.094064
0 0.305185 0.098713 0.060774 0.095088
0 0.378869 0.084912 0.083262 0.100205
0 0.466292 0.075190 0.073274 0.097135
