0 0.116060 0.587129 0.072452 0.172970
0 0.847500 0.489035 0.073786 0.179455
0 0.770577 0.469975 0.071107 0.171089
0 0.697458 0.513676 0.067083 0.171114
0 0.638196 0.556906 0.062155 0.175743
0 0.586089 0.602475 0.067083 0.172030
0 0.530863 0.663379 0.074679 0.165520
0 0.480101 0.748936 0.077821 0.171089
0 0.434036 0.842847 0.082286 0.172970
0 0.379030 0.878639 0.062607 0.172030
0 0.326030 0.826114 0.072893 0.174802
0 0.276613 0.751720 0.073345 0.167401
0 0.227869 0.699183 0.070667 0.172030
0 0.173750 0.638280 0.071548 0.174827
0 0.058143 0.512735 0.076476 0.178540
0 0.025161 0.434171 0.050321 0.177599
0 0.031756 0.346757 0.061274 0.149703
0 0.078940 0.315606 0.078714 0.176658
0 0.134845 0.261671 0.076024 0.187847
0 0.200810 0.260285 0.079167 0.190619
0 0.264542 0.242153 0.068869 0.189703
0 0.317083 0.218428 0.070214 0.177599
0 0.377238 0.187748 0.070667 0.179455
0 0.432923 0.151943 0.069321 0.182252
0 0.489940 0.145446 0.063500 0.176683
0 0.542268 0.151015 0.056345 0.176683
0 0.599065 0.148688 0.057250 0.172030
0 0.659667 0.149629 0.057690 0.172030
0 0.722280 0.149629 0.064845 0.168317
0 0.785560 0.135223 0.062619 0.167376
0 0.848845 0.124988 0.062167 0.169233
0 0.920393 0.127302 0.062167 0.172030
