0 0.696408 0.867841 0.064533 0.122894
0 0.933497 0.797977 0.075758 0.127955
0 0.863359 0.834174 0.075758 0.126258
0 0.813554 0.887205 0.071553 0.124591
0 0.760246 0.900674 0.074356 0.124591
0 0.635379 0.875424 0.060328 0.124576
0 0.564533 0.881311 0.056111 0.126258
0 0.491578 0.882152 0.072955 0.127939
0 0.411616 0.903205 0.092601 0.122894
0 0.343573 0.861114 0.082778 0.119530
0 0.276237 0.821045 0.085581 0.111121
0 0.225032 0.777273 0.084179 0.114485
0 0.146465 0.713303 0.106616 0.084182
0 0.128226 0.635015 0.103826 0.079121
0 0.107184 0.540742 0.106616 0.079121
0 0.102973 0.444780 0.109432 0.085864
0 0.127525 0.302523 0.102424 0.084167
0 0.152778 0.217167 0.108030 0.090909
0 0.201174 0.130470 0.075758 0.116152
0 0.269918 0.087545 0.084179 0.121212
0 0.375139 0.103538 0.098207 0.112803
0 0.435467 0.200341 0.092601 0.111106
