0 0.367243 0.213730 0.066005 0.164939
0 0.312395 0.171413 0.062547 0.163232
0 0.261770 0.120457 0.073470 0.171850
0 0.652144 0.375213 0.077932 0.177012
0 0.570987 0.335925 0.082395 0.179614
0 0.498773 0.266402 0.070981 0.170122
0 0.439211 0.221494 0.077932 0.175305
0 0.197249 0.151118 0.084381 0.172724
0 0.128750 0.196026 0.073458 0.179614
0 0.066706 0.218049 0.073458 0.173577
0 0.023522 0.270285 0.045666 0.174431
0 0.869544 0.433069 0.093808 0.175285
0 0.806011 0.520285 0.094801 0.177033
0 0.750169 0.610955 0.095292 0.177033
0 0.687634 0.696026 0.092325 0.174451
0 0.622611 0.769431 0.086367 0.170976
0 0.546425 0.839380 0.081893 0.172703
0 0.469988 0.862693 0.074953 0.169248
0 0.391817 0.883415 0.072465 0.165813
0 0.318107 0.858811 0.067009 0.164939
0 0.240426 0.832470 0.062535 0.164085
0 0.172926 0.835498 0.070479 0.164939
0 0.096489 0.854919 0.074451 0.167520
0 0.030625 0.829878 0.061250 0.167520
