0 0.721981 0.133835 0.101916 0.147621
0 0.620698 0.116226 0.085357 0.139053
0 0.501266 0.142415 0.088539 0.138083
0 0.417175 0.173835 0.087273 0.140000
0 0.314627 0.253835 0.098734 0.138107
0 0.262394 0.363835 0.100016 0.146650
0 0.198693 0.488119 0.098718 0.141917
0 0.146786 0.593362 0.096818 0.131432
0 0.175130 0.769078 0.100000 0.149515
0 0.247427 0.859078 0.093003 0.148592
0 0.347110 0.888604 0.075812 0.139053
0 0.432151 0.880983 0.078977 0.137160
0 0.563044 0.882888 0.080893 0.140971
0 0.661144 0.870983 0.079627 0.141917
0 0.786948 0.854794 0.080260 0.138083
0 0.900325 0.843362 0.090455 0.141917
