0 0.685518 0.670822 0.103537 0.121818
0 0.605640 0.775752 0.097287 0.110559
0 0.542706 0.838191 0.098186 0.122850
0 0.456578 0.902675 0.109771 0.137168
0 0.356181 0.896906 0.083155 0.129720
0 0.258300 0.888907 0.091936 0.118479
0 0.188308 0.801538 0.099695 0.103671
0 0.122454 0.698750 0.108476 0.106626
0 0.107005 0.593016 0.112607 0.097745
0 0.118316 0.474537 0.112607 0.096556
0 0.150114 0.349545 0.114101 0.098916
0 0.482988 0.112596 0.087805 0.129738
0 0.603369 0.110219 0.092927 0.135647
0 0.699444 0.146949 0.104284 0.138024
0 0.795488 0.201154 0.098140 0.129126
0 0.876349 0.242920 0.093430 0.130909
