0 0.600274 0.689481 0.063929 0.288038
0 0.732524 0.499981 0.083286 0.314577
0 0.666542 0.606096 0.079179 0.306962
0 0.798512 0.391038 0.082690 0.308846
0 0.862440 0.298192 0.065095 0.289923
0 0.026077 0.807904 0.046345 0.297500
0 0.069190 0.680942 0.083286 0.301269
0 0.128423 0.549250 0.076250 0.295577
0 0.185899 0.460192 0.069202 0.288000
0 0.251298 0.388192 0.059238 0.288000
0 0.319333 0.450731 0.070976 0.299385
0 0.386173 0.555885 0.082655 0.308846
0 0.456286 0.650635 0.073905 0.297500
0 0.526661 0.696115 0.069202 0.289923
0 0.915226 0.222385 0.068619 0.282308
