0 0.917376 0.383259 0.071922 0.269557
0 0.030265 0.728449 0.048597 0.278228
0 0.082105 0.732801 0.049894 0.276487
0 0.133939 0.733655 0.046014 0.274778
0 0.184487 0.744953 0.048597 0.286930
0 0.240861 0.742342 0.051203 0.281709
0 0.289463 0.808418 0.058974 0.281709
0 0.340330 0.773655 0.058325 0.271297
0 0.389906 0.739747 0.062854 0.266076
0 0.442712 0.698006 0.068679 0.262595
0 0.494558 0.638892 0.066097 0.262595
0 0.778379 0.325870 0.063502 0.269525
0 0.538290 0.580617 0.069340 0.250411
0 0.588514 0.506725 0.072571 0.255601
0 0.638732 0.428481 0.078408 0.255633
0 0.702565 0.345016 0.068691 0.276487
0 0.849334 0.332832 0.058974 0.273006
