0 0.599489 0.096731 0.076406 0.132870
0 0.011364 0.749398 0.022728 0.106870
0 0.047500 0.796463 0.072668 0.134852
0 0.116448 0.839083 0.080108 0.138685
0 0.192007 0.884250 0.077620 0.139944
0 0.270042 0.906509 0.071839 0.128500
0 0.347656 0.901426 0.065240 0.133593
0 0.413305 0.898250 0.066058 0.129759
0 0.494231 0.888074 0.072668 0.129778
0 0.563179 0.884250 0.068546 0.132315
0 0.637079 0.882343 0.061106 0.128500
0 0.708516 0.884889 0.071839 0.133593
0 0.791496 0.846722 0.084219 0.141222
0 0.839393 0.779287 0.075974 0.110685
0 0.870775 0.730944 0.080925 0.115778
0 0.903389 0.626620 0.086707 0.118315
0 0.131244 0.306528 0.096070 0.093241
0 0.154694 0.375296 0.097584 0.116556
0 0.909639 0.501750 0.088510 0.108389
0 0.898666 0.375287 0.090769 0.123537
0 0.875974 0.270981 0.090769 0.120037
0 0.823780 0.192306 0.075637 0.135204
0 0.756833 0.152685 0.077921 0.139852
0 0.679297 0.117139 0.083209 0.143352
0 0.519309 0.096148 0.068834 0.131704
0 0.449712 0.095565 0.065817 0.128204
0 0.369904 0.103148 0.075649 0.134037
0 0.293504 0.122963 0.080180 0.138704
0 0.214838 0.160259 0.083209 0.141037
0 0.149026 0.211537 0.095312 0.134037
