0 0.790625 0.081761 0.087548 0.118595
0 0.701058 0.114480 0.078125 0.114507
0 0.622260 0.136971 0.074087 0.110438
0 0.544141 0.165091 0.068690 0.101241
0 0.466689 0.163558 0.075421 0.104307
0 0.390252 0.142089 0.072067 0.108376
0 0.310781 0.131350 0.076106 0.105328
0 0.245114 0.132883 0.059267 0.106350
0 0.192254 0.165091 0.061286 0.107372
0 0.135000 0.214690 0.081490 0.124745
0 0.066310 0.264781 0.081490 0.124745
0 0.029273 0.360894 0.057248 0.124745
0 0.250168 0.501496 0.070721 0.068504
0 0.256232 0.557226 0.068017 0.065438
0 0.265319 0.605274 0.070036 0.077701
0 0.280475 0.693212 0.076094 0.114526
0 0.302362 0.788303 0.075421 0.108394
0 0.328293 0.879818 0.076106 0.125766
0 0.386544 0.915091 0.059267 0.100219
0 0.407758 0.880839 0.062632 0.097153
0 0.449513 0.814891 0.089579 0.139051
0 0.503053 0.725420 0.087548 0.140073
0 0.558618 0.659982 0.070721 0.121679
0 0.620913 0.620611 0.074087 0.110420
0 0.696346 0.609370 0.079471 0.112464
0 0.778173 0.601186 0.080144 0.110438
0 0.845853 0.547500 0.083510 0.127810
0 0.896364 0.480538 0.065998 0.096113
0 0.919597 0.443723 0.066671 0.098175
