0 0.084124 0.881750 0.080159 0.173674
0 0.142273 0.821728 0.071605 0.172500
0 0.193848 0.779772 0.068333 0.170152
0 0.247721 0.733728 0.070956 0.173674
0 0.309816 0.687696 0.087377 0.186478
0 0.370919 0.639913 0.075564 0.174826
0 0.429724 0.570554 0.086728 0.182978
0 0.498382 0.525109 0.084755 0.183000
0 0.558824 0.476739 0.075564 0.174826
0 0.614020 0.431283 0.074240 0.167826
0 0.675116 0.388163 0.079498 0.177152
0 0.735233 0.326391 0.085417 0.179478
0 0.798971 0.266370 0.077525 0.173652
0 0.854816 0.202272 0.088039 0.178326
0 0.918217 0.128837 0.091336 0.175978
