0 0.237290 0.260952 0.084554 0.114851
0 0.155631 0.320546 0.086510 0.116589
0 0.285705 0.211300 0.080693 0.113990
0 0.875074 0.107682 0.053589 0.107086
0 0.834406 0.092997 0.052277 0.105364
0 0.754363 0.090836 0.069072 0.111407
0 0.673020 0.095588 0.065198 0.107070
0 0.593620 0.100770 0.069072 0.112268
0 0.524233 0.113286 0.072302 0.113129
0 0.441275 0.137467 0.072946 0.116589
0 0.363168 0.159056 0.075520 0.116589
0 0.095278 0.393079 0.085854 0.107947
0 0.096887 0.504487 0.074889 0.075132
0 0.136590 0.562773 0.083280 0.113990
0 0.200495 0.639197 0.085866 0.107930
0 0.254394 0.720373 0.081337 0.106209
0 0.297005 0.801540 0.081337 0.107947
0 0.341541 0.857674 0.083923 0.113129
0 0.420625 0.896101 0.070359 0.113990
0 0.506157 0.909495 0.069715 0.113129
0 0.579746 0.865017 0.080037 0.119172
0 0.641714 0.820977 0.085210 0.119172
0 0.719505 0.754478 0.081980 0.117434
0 0.808905 0.709147 0.060681 0.104487
0 0.866361 0.643079 0.063267 0.100166
