0 0.171132 0.702388 0.073519 0.080950
0 0.622364 0.124295 0.080794 0.096187
0 0.565812 0.165719 0.079182 0.102863
0 0.489864 0.201913 0.079182 0.099050
0 0.431291 0.242388 0.076754 0.096201
0 0.373922 0.283338 0.075142 0.098101
0 0.319384 0.323338 0.077559 0.098101
0 0.254348 0.370014 0.084834 0.100000
0 0.201025 0.420007 0.081600 0.093338
0 0.165065 0.497626 0.079182 0.080950
0 0.158199 0.562388 0.076754 0.052374
0 0.152950 0.633813 0.075948 0.058101
0 0.680539 0.074295 0.079182 0.097137
0 0.209911 0.753338 0.065438 0.078101
0 0.246333 0.791823 0.062832 0.079539
0 0.276718 0.821264 0.063863 0.078925
0 0.333371 0.860426 0.076220 0.091662
0 0.385391 0.888352 0.052536 0.081955
0 0.423241 0.903226 0.055107 0.085000
0 0.485557 0.914763 0.065403 0.088631
0 0.550966 0.911725 0.066434 0.086215
0 0.619716 0.902004 0.077251 0.092277
0 0.680030 0.893024 0.046860 0.095321
0 0.722002 0.889378 0.052536 0.088031
0 0.795130 0.870559 0.081374 0.097737
0 0.863632 0.864791 0.067974 0.091061
0 0.930835 0.852961 0.070557 0.086816
