0 0.037220 0.461216 0.069798 0.263185
0 0.115518 0.541370 0.076250 0.271644
0 0.184435 0.596199 0.079179 0.269932
0 0.256577 0.656952 0.078012 0.266575
0 0.326661 0.704178 0.077417 0.266575
0 0.396167 0.798664 0.080357 0.276712
0 0.471530 0.749743 0.076250 0.273322
0 0.547780 0.689007 0.077417 0.276712
0 0.619625 0.624880 0.082702 0.276678
0 0.692649 0.573425 0.085631 0.271644
0 0.757167 0.488219 0.083286 0.276712
0 0.824024 0.405548 0.089143 0.286849
0 0.878565 0.316952 0.077417 0.258151
0 0.913470 0.249469 0.083869 0.288527
