0 0.690511 0.099679 0.063838 0.137456
0 0.252318 0.857434 0.062923 0.140575
0 0.448187 0.887268 0.062195 0.133695
0 0.396268 0.861372 0.046737 0.133363
0 0.326796 0.857257 0.066385 0.134735
0 0.036033 0.419004 0.072066 0.152212
0 0.101273 0.368750 0.075106 0.151173
0 0.180293 0.334292 0.070563 0.148097
0 0.248586 0.304303 0.068204 0.150509
0 0.309331 0.253905 0.077653 0.151881
0 0.375446 0.194945 0.075657 0.149137
0 0.456103 0.159292 0.072934 0.152566
0 0.521121 0.143186 0.053110 0.134735
0 0.571045 0.125354 0.050376 0.142965
0 0.627236 0.101881 0.058744 0.139867
0 0.755088 0.127412 0.062383 0.140885
0 0.808744 0.178662 0.075117 0.148783
0 0.864941 0.257334 0.078028 0.147765
0 0.889401 0.377157 0.075657 0.121350
0 0.873216 0.496969 0.075657 0.126504
0 0.844026 0.575642 0.067113 0.111770
0 0.804466 0.636659 0.067289 0.122743
0 0.754730 0.679690 0.067113 0.131991
0 0.708081 0.733164 0.060739 0.126504
0 0.664795 0.789204 0.067289 0.137124
0 0.601138 0.840122 0.071291 0.144314
0 0.524847 0.887765 0.063474 0.131991
