0 0.210820 0.655537 0.123033 0.109741
0 0.480430 0.318398 0.126762 0.114574
0 0.591055 0.255778 0.132275 0.121667
0 0.828381 0.911148 0.115205 0.111556
0 0.699641 0.879657 0.116865 0.106648
0 0.587090 0.852065 0.120533 0.106648
0 0.479436 0.812741 0.124406 0.111593
0 0.382162 0.759204 0.114365 0.108296
0 0.296834 0.714111 0.111865 0.107074
0 0.666660 0.196537 0.103934 0.105667
0 0.131977 0.583880 0.134406 0.114685
0 0.173914 0.496074 0.127131 0.114074
0 0.282941 0.435852 0.130553 0.116741
0 0.381219 0.377102 0.134652 0.115278
0 0.765830 0.150287 0.124406 0.112796
0 0.881568 0.089269 0.124406 0.115278
