0 0.564513 0.696250 0.062752 0.321775
0 0.021406 0.292264 0.041635 0.334167
0 0.070968 0.241848 0.058642 0.332391
0 0.136070 0.298442 0.077428 0.311159
0 0.191202 0.418678 0.082115 0.307645
0 0.243984 0.599004 0.085637 0.311196
0 0.307626 0.718351 0.087392 0.320036
0 0.402049 0.753696 0.074483 0.337681
0 0.483576 0.712174 0.068618 0.332391
0 0.637831 0.656467 0.058065 0.330616
0 0.705571 0.597246 0.057488 0.335942
0 0.770968 0.572482 0.053377 0.328877
0 0.843984 0.540652 0.055132 0.328841
0 0.921701 0.515906 0.061575 0.328841
