0 0.917994 0.176852 0.060536 0.226476
0 0.850690 0.255075 0.062476 0.219970
0 0.794661 0.294172 0.058607 0.216717
0 0.744756 0.360166 0.061821 0.221596
0 0.690333 0.406596 0.063762 0.216687
0 0.642679 0.452214 0.061190 0.219970
0 0.591476 0.501099 0.063119 0.219970
0 0.550262 0.598057 0.055381 0.221596
0 0.497452 0.618419 0.051524 0.219970
0 0.445935 0.640407 0.051512 0.218343
0 0.387655 0.633087 0.052167 0.213464
0 0.337417 0.600497 0.053452 0.216717
0 0.281393 0.567093 0.056024 0.224849
0 0.235661 0.520648 0.058607 0.219970
0 0.182536 0.488870 0.064405 0.221596
0 0.140673 0.440000 0.059250 0.228133
0 0.081750 0.420452 0.067619 0.234639
0 0.024256 0.428524 0.048512 0.234759
