0 0.567452 0.146457 0.095606 0.159640
0 0.648388 0.106304 0.068628 0.140809
0 0.441644 0.193058 0.056309 0.141799
0 0.393255 0.213885 0.054553 0.137842
0 0.340473 0.187113 0.063926 0.143795
0 0.233723 0.231736 0.073319 0.143795
0 0.183580 0.280324 0.070372 0.139820
0 0.138128 0.346763 0.065106 0.129892
0 0.093840 0.394856 0.069213 0.134856
0 0.048973 0.451367 0.070968 0.134856
0 0.023165 0.509874 0.046330 0.120971
0 0.015840 0.594649 0.028149 0.090234
0 0.023755 0.672986 0.047511 0.110072
0 0.077420 0.717113 0.065691 0.140809
0 0.143697 0.716619 0.056309 0.137842
0 0.207037 0.710665 0.058649 0.143777
0 0.260410 0.699263 0.056309 0.136835
0 0.311436 0.694308 0.051617 0.134838
0 0.366277 0.702239 0.058064 0.136853
0 0.423463 0.750827 0.083287 0.117014
0 0.443697 0.846016 0.086223 0.124946
0 0.514367 0.892131 0.076245 0.137824
0 0.556894 0.825198 0.073319 0.136835
0 0.599713 0.730998 0.075660 0.132860
0 0.641644 0.666043 0.066862 0.125935
0 0.701761 0.637293 0.063926 0.141781
0 0.768037 0.626385 0.059245 0.137842
