0 0.787292 0.148705 0.092583 0.175301
0 0.393083 0.819699 0.110500 0.170120
0 0.307667 0.735919 0.110500 0.166657
0 0.609302 0.187982 0.073479 0.172711
0 0.689635 0.163389 0.083604 0.178765
0 0.501188 0.861130 0.108125 0.177018
0 0.875990 0.135753 0.083604 0.173554
0 0.232406 0.612425 0.130812 0.189127
0 0.185823 0.474699 0.123646 0.139880
0 0.155948 0.340407 0.120063 0.137319
0 0.243750 0.219081 0.098542 0.179608
0 0.628406 0.777364 0.127229 0.187380
0 0.341708 0.228584 0.091375 0.186506
0 0.440865 0.213042 0.115271 0.177892
0 0.542698 0.197063 0.077646 0.178765
