0 0.634909 0.842134 0.102391 0.181585
0 0.568653 0.778730 0.101529 0.198882
0 0.502403 0.714248 0.093786 0.203902
0 0.428186 0.686504 0.095085 0.220488
0 0.354187 0.653364 0.075291 0.200305
0 0.280619 0.630661 0.075291 0.198150
0 0.201675 0.613730 0.075728 0.198882
0 0.133914 0.586707 0.070983 0.199593
0 0.076050 0.549604 0.098944 0.184451
0 0.035443 0.490152 0.070886 0.172215
0 0.012858 0.404055 0.025716 0.128272
0 0.020601 0.202307 0.041201 0.165711
0 0.075837 0.154390 0.058932 0.175081
0 0.139939 0.176006 0.053786 0.179411
0 0.198016 0.164482 0.061517 0.173638
0 0.261262 0.146829 0.065825 0.170041
0 0.326438 0.178171 0.077439 0.173659
0 0.387530 0.215274 0.075716 0.174370
0 0.452494 0.223201 0.072269 0.175793
0 0.518319 0.253821 0.073143 0.177967
0 0.585643 0.244096 0.070121 0.183028
0 0.653404 0.256707 0.066250 0.188049
0 0.720303 0.261748 0.064102 0.186626
0 0.784624 0.259583 0.068835 0.189492
0 0.856250 0.284451 0.065825 0.180122
0 0.916268 0.316870 0.058507 0.175813
