0 0.922500 0.133423 0.077963 0.104487
0 0.870266 0.106218 0.056134 0.112256
0 0.800498 0.085923 0.067824 0.113128
0 0.729942 0.075135 0.062361 0.113987
0 0.658999 0.076859 0.063924 0.112256
0 0.610272 0.075564 0.050683 0.113128
0 0.555700 0.078154 0.060035 0.109667
0 0.482812 0.114423 0.082639 0.116590
0 0.418102 0.149833 0.084190 0.118308
0 0.350666 0.183942 0.089664 0.112269
0 0.293756 0.212442 0.083414 0.108808
0 0.225932 0.233160 0.077187 0.107090
0 0.171354 0.254321 0.084977 0.109667
0 0.111719 0.301378 0.099780 0.103628
0 0.068061 0.363564 0.101354 0.096718
0 0.039878 0.435237 0.079757 0.094987
0 0.023895 0.508205 0.047789 0.080308
0 0.020000 0.577295 0.040000 0.061308
0 0.033756 0.631263 0.063924 0.081167
0 0.059097 0.688263 0.099005 0.103628
0 0.112888 0.739635 0.094340 0.106218
0 0.169016 0.787994 0.094329 0.111397
0 0.229826 0.829449 0.086528 0.109667
0 0.288686 0.859244 0.076400 0.110538
0 0.356123 0.885577 0.083426 0.113128
0 0.425503 0.920987 0.078738 0.114846
0 0.499178 0.922282 0.073287 0.115718
0 0.563883 0.890763 0.088877 0.107936
0 0.623137 0.835494 0.084190 0.107936
0 0.676146 0.783679 0.096667 0.099308
