0 0.713603 0.073143 0.048667 0.097135
0 0.549894 0.921308 0.051132 0.096126
0 0.719788 0.902390 0.054434 0.107354
0 0.664528 0.911594 0.056085 0.099181
0 0.610507 0.918246 0.055259 0.096111
0 0.499581 0.919781 0.049493 0.101228
0 0.449269 0.906484 0.051132 0.107354
0 0.396486 0.902902 0.056085 0.096126
0 0.337930 0.871206 0.072583 0.092032
0 0.301232 0.820080 0.070106 0.089985
0 0.259994 0.775095 0.071757 0.085892
0 0.227830 0.727551 0.073396 0.086915
0 0.185767 0.663640 0.078349 0.087924
0 0.159375 0.603823 0.078349 0.082822
0 0.136285 0.531732 0.080000 0.083845
0 0.114009 0.451469 0.081651 0.091009
0 0.139994 0.348706 0.092370 0.114518
0 0.200613 0.283275 0.078349 0.104298
0 0.254216 0.232149 0.070106 0.098158
0 0.308656 0.191754 0.078349 0.103275
0 0.363496 0.152398 0.062677 0.096111
0 0.412571 0.130921 0.060212 0.089971
0 0.463296 0.106886 0.062677 0.095088
0 0.523909 0.092061 0.070106 0.098158
0 0.593603 0.078260 0.069281 0.097135
0 0.658756 0.072127 0.061026 0.097149
0 0.763915 0.075702 0.051958 0.094064
0 0.829894 0.110468 0.078349 0.104298
0 0.874015 0.154437 0.062677 0.094079
