0 0.788825 0.699860 0.079470 0.166678
0 0.133240 0.699860 0.122378 0.129860
0 0.918356 0.649248 0.088995 0.169720
0 0.276277 0.872150 0.085815 0.171783
0 0.187670 0.789327 0.123166 0.145192
0 0.446332 0.119091 0.100136 0.164615
0 0.368458 0.180944 0.112840 0.159510
0 0.296141 0.278593 0.125543 0.152360
0 0.238533 0.369082 0.124755 0.161556
0 0.107812 0.586879 0.130326 0.130892
0 0.140387 0.496390 0.128736 0.150297
0 0.368057 0.888514 0.069130 0.169720
0 0.486461 0.853741 0.086617 0.163601
0 0.568315 0.804668 0.091386 0.169720
0 0.703798 0.730533 0.082649 0.174843
