0 0.808207 0.193579 0.157138 0.102186
0 0.708668 0.131636 0.100779 0.123414
0 0.608514 0.101771 0.108297 0.127857
0 0.493632 0.087693 0.131467 0.128357
0 0.401304 0.133600 0.122065 0.124400
0 0.314601 0.175564 0.103913 0.121443
0 0.225707 0.215307 0.135217 0.116014
0 0.867056 0.277257 0.168388 0.104657
0 0.136495 0.351057 0.160888 0.070600
0 0.173750 0.425843 0.162754 0.079971
0 0.223514 0.500636 0.158370 0.111071
0 0.313143 0.560993 0.146069 0.112786
0 0.398451 0.611150 0.132192 0.105414
0 0.475154 0.674707 0.139293 0.104900
0 0.546096 0.731064 0.144511 0.116414
0 0.634783 0.790507 0.141377 0.110243
0 0.714076 0.855507 0.152862 0.120129
0 0.819973 0.914536 0.131975 0.129586
