0 0.837688 0.730128 0.073944 0.118316
0 0.916881 0.716310 0.075801 0.118299
0 0.762209 0.740927 0.074563 0.120901
0 0.692573 0.776327 0.074563 0.122619
0 0.620164 0.808274 0.077633 0.127806
0 0.548064 0.845408 0.078871 0.122619
0 0.478738 0.872177 0.079490 0.122619
0 0.406638 0.899821 0.074563 0.119167
0 0.331456 0.905859 0.069636 0.122636
0 0.256893 0.886429 0.079490 0.125204
0 0.189114 0.846709 0.081966 0.123486
0 0.132725 0.792304 0.085036 0.121752
0 0.084047 0.726241 0.087512 0.120884
0 0.043683 0.648954 0.081954 0.114847
0 0.025382 0.556556 0.050765 0.116582
0 0.012876 0.443861 0.025267 0.095000
0 0.112087 0.188673 0.080728 0.120034
0 0.187882 0.159320 0.077027 0.120034
0 0.254430 0.121318 0.073325 0.118316
0 0.327458 0.094116 0.069017 0.117449
0 0.397706 0.099294 0.067791 0.112262
0 0.472579 0.113980 0.068410 0.119184
0 0.547142 0.137721 0.075789 0.120034
0 0.626329 0.168818 0.078871 0.123486
0 0.693805 0.241352 0.088119 0.118316
0 0.736019 0.335051 0.088738 0.115714
0 0.772373 0.435655 0.088726 0.113112
0 0.801954 0.537560 0.087500 0.116582
0 0.837385 0.605774 0.070862 0.097568
