0 0.075643 0.780417 0.094854 0.089816
0 0.057967 0.714082 0.089551 0.063418
0 0.058556 0.671405 0.091311 0.044562
0 0.056201 0.632832 0.088956 0.062048
0 0.055024 0.574901 0.088956 0.060000
0 0.057379 0.542161 0.084830 0.050734
0 0.068422 0.506165 0.080413 0.054845
0 0.075055 0.479936 0.080716 0.059308
0 0.321596 0.886864 0.084235 0.108672
0 0.240886 0.866123 0.084830 0.113121
0 0.182269 0.843319 0.059490 0.103192
0 0.127191 0.828072 0.065983 0.106963
0 0.922488 0.810756 0.049490 0.102500
0 0.860188 0.806815 0.055667 0.099421
0 0.808052 0.826695 0.073337 0.098051
0 0.740006 0.868347 0.088070 0.112797
0 0.660036 0.895600 0.086019 0.110381
0 0.581244 0.910000 0.074527 0.105593
0 0.519830 0.913256 0.051845 0.105240
0 0.466371 0.918397 0.058617 0.109364
0 0.396408 0.907260 0.080704 0.109011
0 0.090813 0.416688 0.086893 0.076794
0 0.109223 0.351391 0.084248 0.066850
0 0.126013 0.296194 0.081299 0.068912
0 0.157081 0.238602 0.081590 0.079181
0 0.201857 0.199350 0.075704 0.090508
0 0.242652 0.159576 0.068920 0.091186
0 0.290813 0.124103 0.071578 0.090155
0 0.342069 0.080049 0.068629 0.101483
0 0.405692 0.074732 0.060971 0.098390
0 0.469757 0.121356 0.060680 0.092910
0 0.518356 0.143468 0.083070 0.104223
0 0.574320 0.214774 0.091893 0.112429
0 0.644430 0.287966 0.091311 0.105254
