0 0.623805 0.069658 0.095766 0.101969
0 0.569508 0.109937 0.111109 0.099455
0 0.508313 0.156515 0.104219 0.099455
0 0.454094 0.201837 0.102812 0.099455
0 0.394234 0.244001 0.109844 0.098198
0 0.339242 0.297507 0.112797 0.096941
0 0.286430 0.345971 0.105766 0.095684
0 0.227984 0.394441 0.112531 0.096927
0 0.206930 0.462416 0.123922 0.086872
0 0.171016 0.518436 0.119719 0.078045
0 0.144258 0.576969 0.125328 0.081816
0 0.125180 0.639916 0.126609 0.071760
0 0.117500 0.712926 0.122531 0.069232
0 0.142844 0.789085 0.125344 0.088115
0 0.214672 0.850140 0.111250 0.112039
0 0.306148 0.884763 0.082953 0.108268
0 0.390711 0.915601 0.074641 0.107011
0 0.474445 0.918122 0.087453 0.106997
0 0.562539 0.916236 0.071828 0.105740
0 0.633656 0.907423 0.067594 0.108254
0 0.721680 0.895461 0.074641 0.101955
0 0.784281 0.869029 0.090000 0.104483
0 0.851953 0.825594 0.121125 0.115824
