0 0.300412 0.223176 0.080773 0.108130
0 0.931572 0.322880 0.061108 0.107130
0 0.894465 0.298083 0.063518 0.104167
0 0.836160 0.238306 0.087732 0.128463
0 0.760541 0.170852 0.089742 0.123519
0 0.652500 0.106611 0.058686 0.115074
0 0.590193 0.092972 0.065232 0.115574
0 0.528061 0.102898 0.061791 0.120537
0 0.467996 0.119509 0.061791 0.124019
0 0.407764 0.130667 0.063518 0.124519
0 0.340284 0.146296 0.096985 0.137889
0 0.263138 0.285676 0.082152 0.112093
0 0.217577 0.350907 0.083531 0.114593
0 0.178054 0.408444 0.079046 0.104667
0 0.132835 0.485824 0.092165 0.129463
0 0.081405 0.559741 0.076289 0.095741
0 0.075361 0.707556 0.081469 0.090778
0 0.083647 0.805528 0.083531 0.104167
0 0.135419 0.861324 0.081456 0.117574
0 0.193582 0.886815 0.066624 0.113593
0 0.249504 0.902491 0.061095 0.109611
0 0.377049 0.903731 0.080077 0.118056
0 0.448151 0.869009 0.060760 0.109130
0 0.512700 0.849907 0.065580 0.113593
0 0.572068 0.820407 0.062126 0.111111
0 0.630921 0.801056 0.054884 0.108148
0 0.818357 0.752194 0.050735 0.107648
