0 0.033179 0.520951 0.053906 0.295410
0 0.095054 0.512948 0.052031 0.296866
0 0.157398 0.540597 0.062344 0.302687
0 0.212007 0.606082 0.057188 0.296866
0 0.268960 0.661381 0.051094 0.296866
0 0.318413 0.698489 0.048750 0.304142
0 0.374195 0.731959 0.064687 0.309963
0 0.435367 0.775616 0.052031 0.304142
0 0.481538 0.762519 0.057187 0.301231
0 0.524195 0.722500 0.064687 0.296866
0 0.568257 0.657743 0.063750 0.295410
0 0.623101 0.619179 0.060937 0.288134
0 0.673726 0.575522 0.060000 0.299776
0 0.727163 0.513675 0.068438 0.301231
0 0.783179 0.434366 0.067969 0.296866
0 0.843413 0.309216 0.087187 0.320149
0 0.910210 0.205168 0.083906 0.312873
