0 0.429331 0.136473 0.086763 0.188639
0 0.331169 0.168354 0.069313 0.181559
0 0.260956 0.240532 0.072012 0.173589
0 0.188950 0.356101 0.088100 0.165619
0 0.128356 0.502215 0.090338 0.170916
0 0.085862 0.615124 0.097500 0.168267
0 0.122319 0.742661 0.098837 0.173589
0 0.206619 0.798453 0.067087 0.193045
0 0.283988 0.812624 0.069775 0.207228
0 0.381487 0.818824 0.097500 0.201906
0 0.453044 0.859554 0.062613 0.185990
0 0.508944 0.813948 0.061712 0.185074
0 0.606213 0.800668 0.075575 0.186881
0 0.711087 0.773663 0.073350 0.182426
0 0.824238 0.754171 0.075125 0.189530
0 0.931794 0.763911 0.063062 0.185990
0 0.528394 0.174988 0.079162 0.171807
