0 0.915827 0.275217 0.071417 0.108817
0 0.845435 0.280404 0.072107 0.103623
0 0.780887 0.255352 0.078964 0.112260
0 0.729387 0.210022 0.072107 0.101033
0 0.670667 0.161228 0.072786 0.105359
0 0.607143 0.131437 0.076238 0.104491
0 0.543964 0.105524 0.077595 0.104491
0 0.476661 0.087829 0.072107 0.103623
0 0.407643 0.083076 0.070048 0.106213
0 0.352708 0.098623 0.068679 0.104491
0 0.297423 0.122799 0.080345 0.104491
0 0.233214 0.151729 0.078286 0.105344
0 0.165571 0.188428 0.083095 0.104491
0 0.112012 0.241542 0.083095 0.105359
0 0.068060 0.300262 0.083095 0.098458
0 0.034065 0.363301 0.067298 0.096722
0 0.014286 0.436272 0.028571 0.080299
0 0.006732 0.516153 0.013464 0.062186
0 0.010851 0.599049 0.021702 0.086362
0 0.016000 0.681954 0.032000 0.074266
0 0.026988 0.755786 0.053976 0.083757
0 0.045399 0.829626 0.085845 0.110539
0 0.099994 0.881430 0.081036 0.107081
0 0.158024 0.916841 0.065238 0.105359
0 0.224292 0.917268 0.068679 0.101033
0 0.289530 0.911228 0.064560 0.102754
0 0.350994 0.898278 0.063869 0.104491
0 0.417607 0.863301 0.073476 0.105344
0 0.483869 0.838683 0.070048 0.104491
