0 0.876852 0.751385 0.107407 0.160000
0 0.726852 0.813436 0.103704 0.150769
0 0.597685 0.859077 0.091667 0.147692
0 0.466667 0.890872 0.090741 0.147692
0 0.337963 0.898564 0.090741 0.146667
0 0.191667 0.861641 0.111111 0.156923
0 0.068519 0.770872 0.131481 0.145641
0 0.031019 0.614462 0.062037 0.120000
0 0.016667 0.466256 0.033333 0.104615
0 0.030093 0.299590 0.060185 0.122051
0 0.089815 0.151385 0.137037 0.155897
0 0.235648 0.093436 0.112037 0.150769
0 0.360185 0.092923 0.100000 0.149744
0 0.506481 0.123179 0.103704 0.154872
0 0.654167 0.151385 0.084259 0.157949
