0 0.882987 0.099752 0.066316 0.118972
0 0.831145 0.091365 0.046895 0.113050
0 0.773632 0.092846 0.047632 0.114025
0 0.727105 0.094078 0.045421 0.113546
0 0.654388 0.100000 0.070697 0.111560
0 0.584230 0.106906 0.049092 0.115514
0 0.540638 0.106170 0.044697 0.113050
0 0.481658 0.109876 0.052763 0.116489
0 0.422855 0.120984 0.056053 0.116011
0 0.364243 0.167385 0.086829 0.122926
0 0.302882 0.231312 0.083526 0.119468
0 0.254158 0.303138 0.071079 0.105142
0 0.120816 0.462589 0.083526 0.087376
0 0.104322 0.543050 0.085724 0.075532
0 0.087842 0.626729 0.083526 0.078989
0 0.101026 0.715585 0.090132 0.104645
0 0.194993 0.844184 0.076566 0.108121
0 0.252145 0.879477 0.074368 0.116507
0 0.336408 0.906631 0.064842 0.113546
0 0.401796 0.906135 0.058618 0.111560
0 0.485507 0.882438 0.080961 0.123422
0 0.575099 0.814823 0.064539 0.106596
