0 0.911466 0.440199 0.077334 0.275254
0 0.028634 0.791087 0.054569 0.275217
0 0.084381 0.740652 0.075664 0.279638
0 0.154851 0.703913 0.072644 0.276304
0 0.221643 0.673225 0.069635 0.274130
0 0.296128 0.647989 0.070642 0.267572
0 0.365603 0.627156 0.069635 0.269746
0 0.435570 0.621123 0.064281 0.270870
0 0.501184 0.627156 0.066283 0.269746
0 0.570819 0.634819 0.065619 0.274130
0 0.636438 0.625507 0.066947 0.266449
0 0.705066 0.586033 0.073650 0.279601
0 0.772362 0.542174 0.075653 0.279638
0 0.843507 0.484601 0.075996 0.291667
