0 0.892027 0.408901 0.121629 0.215030
0 0.764157 0.373479 0.121080 0.220211
0 0.645777 0.305693 0.129773 0.215904
0 0.540170 0.205527 0.129242 0.226235
0 0.416913 0.167093 0.121629 0.221958
0 0.323513 0.238343 0.122708 0.214157
0 0.241790 0.326416 0.134110 0.224518
0 0.130748 0.481867 0.130322 0.198614
0 0.157623 0.370889 0.128693 0.156295
0 0.182614 0.535392 0.097197 0.172711
0 0.278722 0.558298 0.122178 0.204669
0 0.404962 0.585497 0.108598 0.207259
0 0.514924 0.617003 0.089583 0.177018
0 0.598542 0.699473 0.130871 0.212440
0 0.678911 0.825136 0.135208 0.215030
