0 0.582146 0.121133 0.087648 0.140755
0 0.473956 0.141853 0.075016 0.140755
0 0.376817 0.160423 0.075016 0.136457
0 0.295485 0.185036 0.070280 0.135576
0 0.190058 0.274838 0.134260 0.137302
0 0.117007 0.539523 0.127138 0.119155
0 0.135567 0.648759 0.126365 0.104496
0 0.188479 0.764478 0.132681 0.139029
0 0.268635 0.818885 0.111349 0.125216
0 0.320362 0.895306 0.116875 0.113993
0 0.448298 0.885414 0.140576 0.144281
0 0.563586 0.849973 0.091612 0.137320
0 0.664276 0.823633 0.092401 0.134712
0 0.786678 0.833993 0.117664 0.143345
0 0.886974 0.871133 0.117664 0.145072
