0 0.032156 0.581486 0.060252 0.287681
0 0.103131 0.560326 0.078349 0.275000
0 0.175281 0.537065 0.069300 0.262319
0 0.249765 0.536540 0.071640 0.261268
0 0.322580 0.562971 0.071307 0.265507
0 0.392368 0.630127 0.070264 0.268659
0 0.460344 0.687246 0.076330 0.264420
0 0.534983 0.751775 0.070264 0.253841
0 0.600958 0.757591 0.054232 0.261268
0 0.651170 0.684620 0.062271 0.261268
0 0.701055 0.615851 0.062271 0.250688
0 0.736542 0.564565 0.060264 0.253841
0 0.795126 0.492627 0.080344 0.277138
0 0.864260 0.410670 0.079346 0.273949
0 0.927374 0.346141 0.058922 0.259167
