0 0.248385 0.869809 0.070925 0.158559
0 0.308433 0.817985 0.072062 0.162676
0 0.363920 0.763059 0.070925 0.162706
0 0.425406 0.730941 0.071494 0.164765
0 0.500049 0.665147 0.086948 0.178235
0 0.568969 0.611765 0.070341 0.162706
0 0.630170 0.574985 0.069205 0.163735
0 0.703093 0.521103 0.072062 0.165794
0 0.764294 0.468765 0.074367 0.166824
0 0.825203 0.413618 0.077841 0.161941
0 0.880414 0.352809 0.079432 0.149676
0 0.912589 0.248456 0.077841 0.146794
0 0.856185 0.181176 0.076266 0.159059
0 0.796209 0.154191 0.068328 0.164088
0 0.727297 0.133676 0.069497 0.163353
0 0.638125 0.140162 0.071510 0.161912
0 0.563052 0.141235 0.073084 0.165529
0 0.478255 0.123956 0.070308 0.161206
0 0.406956 0.134765 0.077841 0.169824
0 0.329505 0.147353 0.075471 0.179176
0 0.254034 0.150956 0.076250 0.180618
0 0.162881 0.193765 0.089367 0.172706
0 0.096282 0.250971 0.079578 0.166235
