0 0.833819 0.286120 0.073542 0.217955
0 0.012546 0.829821 0.025093 0.221461
0 0.058137 0.803003 0.063611 0.221461
0 0.121499 0.781445 0.061447 0.215617
0 0.179236 0.729578 0.064815 0.221429
0 0.253397 0.669562 0.084340 0.238929
0 0.324236 0.620016 0.063981 0.219123
0 0.384288 0.580990 0.067766 0.215617
0 0.452616 0.480162 0.063148 0.221429
0 0.513484 0.458604 0.059421 0.213312
0 0.574994 0.451023 0.051979 0.216786
0 0.636904 0.430049 0.053646 0.212110
0 0.706707 0.402078 0.067766 0.219091
0 0.769630 0.367711 0.063148 0.215617
0 0.886377 0.165487 0.078935 0.226104
