0 0.789696 0.352712 0.074813 0.089746
0 0.757296 0.307486 0.070105 0.090452
0 0.715175 0.261547 0.084836 0.105410
0 0.670111 0.214887 0.067745 0.087599
0 0.634761 0.177853 0.067745 0.089040
0 0.599416 0.140812 0.071285 0.091879
0 0.563481 0.102359 0.067757 0.090452
0 0.492494 0.083121 0.062442 0.097571
0 0.444480 0.106624 0.059498 0.096158
0 0.394702 0.131561 0.076577 0.104703
0 0.337564 0.165749 0.078937 0.100424
0 0.282769 0.208129 0.082477 0.105410
0 0.236232 0.246942 0.069521 0.091879
0 0.197938 0.287182 0.070689 0.089732
0 0.156116 0.329915 0.082465 0.102571
0 0.109287 0.381554 0.085421 0.103277
0 0.068043 0.426073 0.072465 0.085480
0 0.037629 0.473672 0.075257 0.086554
0 0.028423 0.527832 0.056846 0.081116
0 0.017377 0.588178 0.034755 0.063305
0 0.012266 0.649018 0.024533 0.064308
0 0.017775 0.714802 0.034778 0.059350
0 0.031478 0.782069 0.062185 0.102867
0 0.078937 0.828806 0.084276 0.112274
0 0.142348 0.858983 0.079369 0.110311
0 0.199211 0.884202 0.073633 0.107331
0 0.263446 0.911660 0.083458 0.110805
0 0.324603 0.929958 0.056051 0.099915
0 0.374515 0.915869 0.055222 0.098432
0 0.431379 0.899047 0.074860 0.100410
0 0.494176 0.878517 0.071998 0.099915
0 0.548178 0.858983 0.054813 0.097429
0 0.597272 0.844640 0.061367 0.097444
0 0.643294 0.812733 0.065047 0.093969
0 0.685023 0.777867 0.063411 0.094463
0 0.724504 0.747938 0.064638 0.092006
0 0.763569 0.709605 0.068329 0.092486
0 0.799568 0.671525 0.074042 0.082599
0 0.828820 0.621073 0.074463 0.085565
0 0.870339 0.578291 0.067500 0.097938
0 0.924346 0.542182 0.068318 0.092980
