0 0.817193 0.789661 0.066262 0.123023
0 0.622894 0.844477 0.064630 0.121525
0 0.683056 0.828107 0.064630 0.122514
0 0.750324 0.810494 0.094306 0.130960
0 0.568432 0.856123 0.061377 0.121031
0 0.504618 0.869774 0.064630 0.120537
0 0.432876 0.886144 0.059340 0.120537
0 0.347922 0.898545 0.043900 0.121525
0 0.300972 0.912677 0.050810 0.119054
0 0.246707 0.894329 0.063414 0.120042
0 0.170903 0.868284 0.081690 0.123517
0 0.108912 0.822401 0.089421 0.117062
0 0.066215 0.744273 0.098403 0.077867
0 0.051782 0.674336 0.098009 0.060028
0 0.884259 0.765855 0.076019 0.123008
0 0.059120 0.596949 0.097963 0.063983
0 0.065625 0.528256 0.099583 0.079364
0 0.082494 0.465749 0.098368 0.082345
0 0.123142 0.393581 0.091863 0.110607
0 0.166632 0.333814 0.090231 0.116073
0 0.212564 0.288171 0.085359 0.113093
0 0.256262 0.246511 0.084954 0.116073
0 0.290608 0.212281 0.086169 0.113093
0 0.329832 0.166893 0.087396 0.112599
0 0.371291 0.124484 0.087396 0.113093
0 0.406858 0.084548 0.087789 0.111610
