0 0.842399 0.710372 0.076111 0.123191
0 0.773693 0.751330 0.079078 0.121809
0 0.716850 0.785514 0.070189 0.123546
0 0.664703 0.817606 0.069205 0.123191
0 0.603169 0.849707 0.070682 0.124947
0 0.551521 0.873830 0.061780 0.119716
0 0.498510 0.896560 0.065000 0.120071
0 0.436597 0.910957 0.065745 0.125284
0 0.373699 0.901941 0.060556 0.119025
0 0.317847 0.890142 0.067462 0.118333
0 0.269533 0.864113 0.063763 0.112801
0 0.225909 0.828369 0.072904 0.113475
0 0.183649 0.779433 0.075379 0.107943
0 0.143864 0.725816 0.074394 0.099965
0 0.110619 0.671853 0.077601 0.098209
0 0.086035 0.598972 0.084268 0.086418
0 0.094192 0.490168 0.092677 0.138812
0 0.126932 0.406534 0.080076 0.097855
0 0.169444 0.344238 0.083030 0.115567
0 0.215038 0.306410 0.069949 0.116259
0 0.264962 0.269796 0.064015 0.116613
0 0.317355 0.242899 0.067967 0.119734
0 0.377165 0.228502 0.073396 0.124238
0 0.448952 0.208200 0.076616 0.121117
0 0.517039 0.201773 0.065492 0.120071
0 0.574375 0.190496 0.055114 0.116950
0 0.629981 0.185816 0.057588 0.117305
0 0.699059 0.181649 0.076604 0.118688
0 0.771471 0.161516 0.078598 0.122855
0 0.838687 0.117615 0.081061 0.125975
0 0.917898 0.095062 0.094154 0.119025
