0 0.142535 0.707558 0.103239 0.141098
0 0.107474 0.540386 0.088609 0.140070
0 0.159489 0.376273 0.115563 0.151332
0 0.250396 0.255105 0.118644 0.144182
0 0.359032 0.163598 0.110951 0.134953
0 0.474613 0.112991 0.110951 0.121682
0 0.601734 0.116565 0.115581 0.128832
0 0.724630 0.178925 0.116338 0.139065
0 0.815924 0.286811 0.104771 0.136005
0 0.897984 0.404907 0.114806 0.153364
0 0.802826 0.629860 0.115581 0.145187
0 0.690343 0.722909 0.107870 0.132921
0 0.586717 0.821565 0.114806 0.146215
0 0.465748 0.903364 0.113257 0.121682
0 0.338231 0.901332 0.106320 0.121682
0 0.221893 0.828727 0.110933 0.140070
