0 0.896967 0.131870 0.089816 0.115227
0 0.806296 0.095682 0.091526 0.115248
0 0.687665 0.093295 0.084743 0.114277
0 0.591075 0.103771 0.086415 0.112376
0 0.484311 0.111870 0.084724 0.113326
0 0.397031 0.114256 0.081342 0.114298
0 0.294081 0.173295 0.094044 0.114277
0 0.217390 0.239008 0.105074 0.118099
0 0.145800 0.344731 0.099136 0.074298
0 0.139017 0.400444 0.099136 0.067624
0 0.128851 0.502355 0.099136 0.100000
0 0.151305 0.625207 0.105074 0.101901
0 0.200028 0.725682 0.112702 0.120000
0 0.274173 0.809483 0.108456 0.121901
0 0.352546 0.869008 0.100827 0.117149
0 0.451259 0.899494 0.093217 0.113326
0 0.550818 0.866157 0.080496 0.111446
0 0.620303 0.833295 0.092371 0.110475
