0 0.913214 0.183571 0.070097 0.154586
0 0.843815 0.165432 0.071526 0.149398
0 0.729302 0.142932 0.070844 0.154662
0 0.664083 0.134737 0.059594 0.153797
0 0.598815 0.123120 0.064805 0.156316
0 0.531323 0.114013 0.071672 0.153628
0 0.441420 0.101955 0.093231 0.146805
0 0.381412 0.131325 0.092403 0.150244
0 0.326567 0.165000 0.094724 0.146805
0 0.271006 0.198252 0.099935 0.149398
0 0.218799 0.306626 0.099935 0.151974
0 0.164391 0.343327 0.098523 0.140752
0 0.121510 0.394709 0.135065 0.094981
0 0.115877 0.475019 0.135747 0.081165
0 0.136420 0.555761 0.133425 0.095846
0 0.164724 0.645573 0.132013 0.099305
0 0.195755 0.735385 0.131250 0.097575
0 0.219578 0.812669 0.134318 0.112256
0 0.309489 0.892979 0.097711 0.158891
0 0.368774 0.864483 0.093977 0.158891
0 0.428742 0.827350 0.096218 0.157180
0 0.493669 0.802265 0.093149 0.150357
0 0.587297 0.786758 0.111867 0.136447
0 0.635398 0.736635 0.112614 0.138083
0 0.687565 0.697820 0.105227 0.139887
0 0.747979 0.651617 0.105081 0.144211
