0 0.151510 0.605451 0.132370 0.078770
0 0.879131 0.531530 0.136477 0.066503
0 0.877597 0.451223 0.133409 0.066489
0 0.877086 0.374795 0.134432 0.084617
0 0.891453 0.277213 0.134432 0.103634
0 0.828458 0.208600 0.134448 0.107582
0 0.740000 0.137117 0.119188 0.111749
0 0.644529 0.095642 0.108864 0.112104
0 0.535657 0.121339 0.113815 0.113443
0 0.448839 0.171120 0.126607 0.108279
0 0.358125 0.233415 0.126607 0.108634
0 0.281826 0.289809 0.127419 0.104809
0 0.218312 0.357828 0.135682 0.089536
0 0.178515 0.433832 0.136088 0.091626
0 0.169034 0.518518 0.133620 0.079822
0 0.141193 0.699665 0.134854 0.083292
0 0.174107 0.795492 0.133604 0.088142
0 0.237289 0.881694 0.144740 0.121803
0 0.352135 0.917268 0.133620 0.115902
