0 0.701478 0.423188 0.067524 0.266957
0 0.249778 0.706975 0.080950 0.284457
0 0.635066 0.477790 0.069772 0.273696
0 0.583185 0.557337 0.071563 0.260181
0 0.318197 0.779112 0.079159 0.275036
0 0.537344 0.673949 0.080938 0.277754
0 0.474730 0.781812 0.077368 0.272319
0 0.830499 0.279601 0.071550 0.276377
0 0.180679 0.618659 0.076022 0.269638
0 0.098167 0.610580 0.072897 0.275000
0 0.028846 0.641594 0.055913 0.261522
0 0.759838 0.345000 0.060829 0.258841
0 0.913017 0.200743 0.073798 0.275036
0 0.395799 0.797301 0.074243 0.273659
