0 0.191055 0.730376 0.100109 0.124436
0 0.286602 0.727133 0.090141 0.122951
0 0.383180 0.735630 0.087234 0.124944
0 0.462523 0.751626 0.063141 0.121936
0 0.514664 0.762867 0.060234 0.121447
0 0.101531 0.756617 0.113813 0.137932
0 0.599195 0.784352 0.087234 0.123440
0 0.687469 0.809586 0.082656 0.123947
0 0.772836 0.805592 0.088891 0.120921
0 0.847609 0.756870 0.083906 0.116447
0 0.888531 0.697895 0.101781 0.108459
0 0.894547 0.627434 0.104688 0.077462
0 0.906188 0.578712 0.108000 0.077951
0 0.894344 0.489004 0.106750 0.086466
0 0.880430 0.409041 0.105516 0.080451
0 0.871078 0.311541 0.105937 0.098459
0 0.863813 0.207350 0.103844 0.111955
