0 0.799970 0.727045 0.105549 0.157475
0 0.695655 0.794533 0.103079 0.141086
0 0.578072 0.835947 0.101235 0.127803
0 0.461730 0.856389 0.106784 0.131919
0 0.331181 0.881957 0.103704 0.127803
0 0.212980 0.839470 0.114192 0.155303
0 0.122248 0.706023 0.094436 0.176995
0 0.089840 0.523573 0.079009 0.173813
0 0.131197 0.334407 0.108643 0.167702
0 0.218841 0.220909 0.108628 0.161566
0 0.328407 0.139621 0.104314 0.133939
0 0.439497 0.129861 0.100610 0.122803
0 0.566037 0.113043 0.100610 0.135985
0 0.679299 0.123775 0.102470 0.134975
0 0.794108 0.160581 0.103704 0.141111
0 0.899657 0.212210 0.106174 0.152348
