0 0.821368 0.085137 0.085375 0.104887
0 0.419118 0.885266 0.072264 0.100790
0 0.358896 0.914282 0.063764 0.104532
0 0.126521 0.817597 0.104847 0.117645
0 0.096056 0.703226 0.088556 0.101194
0 0.103347 0.585161 0.093167 0.101194
0 0.118590 0.465040 0.098125 0.111887
0 0.164424 0.375573 0.087847 0.092565
0 0.196306 0.319210 0.094222 0.100774
0 0.261667 0.245984 0.093167 0.116419
0 0.347743 0.200944 0.095292 0.116016
0 0.444451 0.164532 0.089625 0.113129
0 0.533403 0.131831 0.087500 0.110242
0 0.622833 0.114137 0.091361 0.106145
0 0.721111 0.097484 0.086083 0.106548
0 0.917361 0.075879 0.077583 0.103661
