0 0.851007 0.160456 0.064513 0.131238
0 0.738987 0.172956 0.052789 0.129136
0 0.909664 0.120888 0.070382 0.137477
0 0.793822 0.180771 0.049855 0.128084
0 0.687664 0.158902 0.047513 0.126028
0 0.646026 0.143797 0.048684 0.129136
0 0.587671 0.121928 0.061000 0.133294
0 0.525197 0.101098 0.067447 0.133318
0 0.462737 0.133902 0.065684 0.136449
0 0.408191 0.167745 0.066855 0.139556
0 0.341625 0.205245 0.085039 0.145818
0 0.273296 0.247418 0.065697 0.136425
0 0.218164 0.285432 0.065697 0.135397
0 0.162151 0.331787 0.072145 0.136425
0 0.104671 0.377079 0.075658 0.133318
0 0.073882 0.446869 0.073895 0.137477
0 0.115816 0.525491 0.075658 0.138505
0 0.163908 0.591624 0.067447 0.124977
0 0.209072 0.647862 0.072145 0.131238
0 0.259803 0.700981 0.061000 0.122897
0 0.309072 0.752009 0.064513 0.122897
0 0.360388 0.816577 0.074487 0.135397
0 0.421099 0.879077 0.076250 0.139556
0 0.498809 0.891577 0.066276 0.129136
0 0.548375 0.842617 0.062171 0.131215
0 0.597638 0.793143 0.062171 0.128107
0 0.645730 0.747850 0.058645 0.127056
0 0.700862 0.694217 0.060987 0.121846
0 0.746605 0.645269 0.061000 0.121846
0 0.807901 0.606729 0.066276 0.126028
0 0.878283 0.609334 0.076829 0.129136
