0 0.089316 0.594581 0.084410 0.075135
0 0.097606 0.671007 0.088915 0.081176
0 0.140560 0.737061 0.084399 0.097581
0 0.182759 0.783696 0.079882 0.092392
0 0.220814 0.840264 0.068585 0.094986
0 0.272813 0.860554 0.068573 0.095865
0 0.346663 0.887757 0.080637 0.103622
0 0.423149 0.917980 0.079882 0.103635
0 0.501144 0.921007 0.076108 0.101041
0 0.600991 0.817811 0.075354 0.093270
0 0.647341 0.772905 0.070083 0.089811
0 0.714027 0.778520 0.072347 0.101041
0 0.773939 0.751750 0.065566 0.099311
0 0.848544 0.721520 0.065554 0.099311
0 0.920890 0.713750 0.067064 0.095851
0 0.558797 0.883007 0.076863 0.095851
0 0.586303 0.176182 0.083644 0.094986
0 0.516221 0.134304 0.071592 0.095851
0 0.447642 0.098899 0.068585 0.099311
0 0.385843 0.072561 0.068573 0.101905
0 0.315012 0.072993 0.067075 0.097581
0 0.255100 0.090696 0.058785 0.098446
0 0.189917 0.098899 0.067075 0.099311
0 0.132270 0.124804 0.067818 0.099311
0 0.076881 0.218500 0.082134 0.067351
0 0.085926 0.295791 0.080625 0.066500
0 0.088561 0.363149 0.079882 0.068216
0 0.087052 0.443459 0.078373 0.071676
0 0.085171 0.518588 0.079116 0.066500
