0 0.162154 0.526421 0.068629 0.258185
0 0.034587 0.494983 0.058641 0.258185
0 0.096468 0.508236 0.056893 0.258185
0 0.223441 0.562842 0.058653 0.258219
0 0.275661 0.600908 0.051566 0.254897
0 0.329897 0.645599 0.058070 0.251541
0 0.392943 0.704366 0.080934 0.276404
0 0.463617 0.802825 0.078010 0.274760
0 0.530777 0.737449 0.070388 0.259829
0 0.590012 0.672911 0.072718 0.259863
0 0.652178 0.589332 0.080934 0.274760
0 0.717579 0.518151 0.079187 0.264795
0 0.773592 0.478442 0.053956 0.264829
0 0.836936 0.449469 0.069211 0.266473
0 0.913180 0.419692 0.076238 0.273082
