0 0.199953 0.738808 0.102755 0.144593
0 0.277016 0.776192 0.095833 0.146725
0 0.330370 0.863440 0.101761 0.154554
0 0.422487 0.893362 0.094355 0.154554
0 0.502272 0.838866 0.116586 0.158120
0 0.565249 0.755543 0.104234 0.160969
0 0.631196 0.702122 0.107688 0.152422
0 0.693931 0.640504 0.085954 0.140310
0 0.754194 0.604186 0.083978 0.136047
0 0.831505 0.553973 0.085457 0.141008
0 0.915484 0.507674 0.082500 0.136744
0 0.702823 0.246996 0.088925 0.142442
0 0.616378 0.204612 0.083965 0.138876
0 0.543515 0.157955 0.080524 0.135329
0 0.470652 0.133750 0.088911 0.141027
0 0.390134 0.093857 0.074086 0.132481
0 0.321962 0.110242 0.068172 0.128198
0 0.256512 0.175417 0.091384 0.133198
0 0.213038 0.266938 0.093360 0.138178
0 0.150800 0.340300 0.088427 0.133895
0 0.098690 0.410455 0.089906 0.121802
0 0.086586 0.504477 0.094355 0.111822
0 0.103132 0.599564 0.100780 0.118236
0 0.148831 0.668653 0.105215 0.141027
