0 0.874537 0.586433 0.073401 0.125757
0 0.016508 0.807294 0.033017 0.140092
0 0.074549 0.769461 0.079844 0.146216
0 0.156262 0.749014 0.079303 0.148257
0 0.240385 0.747993 0.077163 0.146216
0 0.318353 0.772018 0.075553 0.141101
0 0.398191 0.796560 0.078762 0.147248
0 0.479904 0.828245 0.084663 0.149289
0 0.555721 0.847672 0.064832 0.145206
0 0.616268 0.886525 0.061623 0.139060
0 0.673071 0.847672 0.061623 0.143142
0 0.729862 0.799106 0.069123 0.148257
0 0.794165 0.729576 0.088401 0.166674
0 0.845601 0.648291 0.072332 0.130894
0 0.911779 0.491330 0.076082 0.133945
0 0.907494 0.364553 0.076094 0.121674
0 0.871052 0.273039 0.065373 0.132913
0 0.814255 0.231617 0.061082 0.142133
0 0.756388 0.194839 0.056791 0.140138
0 0.688071 0.162603 0.056262 0.139060
0 0.618143 0.139599 0.062151 0.144151
0 0.536430 0.109943 0.077692 0.146216
