0 0.199005 0.279636 0.107269 0.103273
0 0.282840 0.184038 0.110401 0.110439
0 0.392191 0.128826 0.108302 0.108379
0 0.158395 0.397227 0.105185 0.091000
0 0.132878 0.508682 0.102052 0.091000
0 0.105285 0.630871 0.103102 0.092015
0 0.162037 0.748455 0.114568 0.108394
0 0.255239 0.827189 0.107269 0.108379
0 0.335957 0.880864 0.102068 0.103273
0 0.449468 0.923303 0.099985 0.102242
0 0.566111 0.890068 0.108302 0.113500
0 0.672338 0.826167 0.102052 0.106333
0 0.777523 0.791909 0.093719 0.099182
0 0.907701 0.785265 0.091636 0.100197
