0 0.195000 0.736532 0.079110 0.225317
0 0.249760 0.702535 0.076027 0.221549
0 0.311952 0.653750 0.073390 0.225317
0 0.372526 0.640405 0.078271 0.228063
0 0.432680 0.604085 0.078716 0.229014
0 0.489743 0.570511 0.077363 0.226232
0 0.560625 0.551708 0.085873 0.221725
0 0.625231 0.496021 0.082688 0.218873
0 0.684940 0.437676 0.082346 0.212324
0 0.737731 0.379683 0.089435 0.219789
0 0.804332 0.295563 0.091233 0.218873
0 0.861567 0.217887 0.089435 0.214366
0 0.914615 0.148451 0.088990 0.209789
0 0.076481 0.836303 0.076524 0.231761
0 0.133930 0.776585 0.081387 0.222465
