0 0.293750 0.174873 0.086957 0.181646
0 0.509955 0.295459 0.075417 0.172120
0 0.183062 0.227468 0.112500 0.189114
0 0.111911 0.385759 0.106431 0.157215
0 0.133170 0.560522 0.100290 0.164652
0 0.186404 0.701804 0.100960 0.162532
0 0.249348 0.805380 0.062645 0.163608
0 0.290100 0.821851 0.067518 0.160411
0 0.351830 0.855854 0.074203 0.164684
0 0.429375 0.823987 0.078460 0.166772
0 0.482582 0.771930 0.066902 0.154051
0 0.519692 0.745902 0.070543 0.153006
0 0.582029 0.708718 0.056558 0.161487
0 0.619728 0.691725 0.061413 0.161487
0 0.407473 0.249241 0.080888 0.177405
0 0.790625 0.380443 0.077228 0.180633
0 0.690580 0.402215 0.071775 0.177405
0 0.591141 0.375665 0.082101 0.177405
