0 0.007344 0.319386 0.013491 0.379500
0 0.050455 0.377273 0.068030 0.407273
0 0.113796 0.469818 0.059827 0.407273
0 0.170691 0.498750 0.051613 0.395682
0 0.236671 0.536932 0.055714 0.398045
0 0.302656 0.571636 0.061002 0.398000
0 0.376555 0.700068 0.077419 0.414227
0 0.444885 0.644523 0.069793 0.404955
0 0.509695 0.617909 0.061002 0.402636
0 0.571573 0.600568 0.066279 0.404955
0 0.644297 0.572795 0.092074 0.441955
0 0.713796 0.447841 0.084459 0.414227
0 0.782719 0.357568 0.069793 0.409591
0 0.847817 0.303205 0.055726 0.402682
0 0.890340 0.274273 0.052776 0.395727
