0 0.590250 0.260652 0.058350 0.089030
0 0.723306 0.808955 0.070913 0.094485
0 0.672419 0.855871 0.074163 0.095136
0 0.613150 0.892939 0.070375 0.094485
0 0.543056 0.918205 0.067663 0.085955
0 0.474844 0.925417 0.066587 0.087258
0 0.406644 0.922136 0.063337 0.089879
0 0.339794 0.912295 0.069288 0.088591
0 0.267794 0.889992 0.076862 0.095136
0 0.206675 0.855189 0.069775 0.093985
0 0.154444 0.800530 0.079562 0.096455
0 0.092419 0.707295 0.065687 0.073197
0 0.114250 0.741174 0.066100 0.075682
0 0.075275 0.641265 0.074675 0.055894
0 0.085069 0.607129 0.068962 0.052924
0 0.098331 0.561129 0.070187 0.052924
0 0.106500 0.531705 0.069375 0.054409
0 0.116494 0.482242 0.073038 0.055394
0 0.126088 0.454053 0.071000 0.056379
0 0.146687 0.397417 0.078750 0.084591
0 0.198106 0.334356 0.073862 0.093985
0 0.257075 0.306909 0.064475 0.090515
0 0.322569 0.290333 0.064062 0.089030
0 0.386425 0.272773 0.064475 0.088545
0 0.525169 0.265848 0.057938 0.085576
0 0.651463 0.260159 0.060800 0.091015
0 0.722669 0.249773 0.070188 0.092000
0 0.784081 0.270295 0.068137 0.091500
0 0.852225 0.292803 0.073050 0.093970
0 0.906094 0.320992 0.050188 0.082106
