0 0.076875 0.488603 0.039196 0.263676
0 0.141897 0.513309 0.043348 0.271912
0 0.202760 0.544265 0.040015 0.284118
0 0.260290 0.546324 0.037515 0.263529
0 0.337195 0.556618 0.042098 0.267647
0 0.395335 0.556618 0.038348 0.284118
0 0.468906 0.527794 0.037932 0.284118
0 0.527686 0.523676 0.036265 0.275882
0 0.608132 0.544265 0.034598 0.267647
0 0.665871 0.554559 0.035848 0.255294
0 0.725692 0.577206 0.036265 0.275882
0 0.783832 0.595735 0.034182 0.271765
0 0.867001 0.579265 0.033765 0.280000
0 0.929933 0.562794 0.036265 0.280000
