0 0.096064 0.399265 0.034291 0.225000
0 0.144628 0.440441 0.036486 0.207353
0 0.209578 0.455147 0.048480 0.227941
0 0.277314 0.447059 0.046453 0.226471
0 0.344122 0.453676 0.047635 0.230882
0 0.399105 0.452941 0.045439 0.238235
0 0.471639 0.456250 0.053514 0.216029
0 0.550574 0.491250 0.052297 0.218088
0 0.626715 0.506029 0.050355 0.230882
0 0.678522 0.520735 0.042078 0.217941
0 0.741520 0.513456 0.043041 0.207500
0 0.816191 0.487941 0.043057 0.220000
0 0.886368 0.479632 0.036959 0.207500
0 0.942922 0.478529 0.042095 0.209706
