0 0.071741 0.568750 0.036190 0.346500
0 0.135379 0.565500 0.032693 0.340000
0 0.188207 0.562250 0.035610 0.320500
0 0.276354 0.562250 0.082321 0.333500
0 0.362753 0.565500 0.033274 0.327000
0 0.414710 0.562250 0.034449 0.320500
0 0.464048 0.565500 0.024524 0.314000
0 0.513378 0.555667 0.033274 0.307333
0 0.574673 0.542667 0.032113 0.320333
0 0.628668 0.542667 0.033854 0.320333
0 0.686756 0.565500 0.033274 0.340000
0 0.737842 0.565500 0.035030 0.340000
0 0.818698 0.568750 0.076473 0.346500
0 0.894583 0.565500 0.032113 0.340000
0 0.939531 0.581833 0.030937 0.333333
