0 0.008595 0.550515 0.017190 0.277206
0 0.064587 0.559926 0.033899 0.296029
0 0.111003 0.572500 0.031433 0.308529
0 0.160120 0.585147 0.030447 0.308529
0 0.203091 0.575662 0.027993 0.302206
0 0.247792 0.575662 0.027993 0.302206
0 0.291261 0.575662 0.029472 0.277206
0 0.337179 0.569412 0.030940 0.302353
0 0.376967 0.572574 0.029966 0.296029
0 0.416749 0.556765 0.031915 0.315000
0 0.461932 0.559926 0.029966 0.321324
0 0.510562 0.556765 0.031927 0.302353
0 0.557706 0.515809 0.031927 0.308676
0 0.600688 0.503235 0.031445 0.308529
0 0.647838 0.500147 0.032420 0.302353
0 0.699656 0.518971 0.030940 0.315000
0 0.743372 0.503235 0.029954 0.308529
0 0.788802 0.534779 0.029461 0.308676
0 0.841600 0.547279 0.029966 0.296029
0 0.892431 0.544191 0.028486 0.302206
0 0.942781 0.556838 0.030952 0.327500
