0 0.425836 0.507426 0.042575 0.269853
0 0.500565 0.528456 0.045286 0.289559
0 0.569744 0.550515 0.045060 0.258676
0 0.691002 0.564926 0.043027 0.261029
0 0.740038 0.574853 0.039623 0.276471
0 0.803667 0.573824 0.040075 0.252059
0 0.861634 0.547132 0.040979 0.243088
0 0.929232 0.548382 0.038946 0.272059
0 0.627824 0.573824 0.043931 0.252059
0 0.158396 0.550588 0.046190 0.276471
0 0.228373 0.530662 0.048916 0.249853
0 0.085482 0.549485 0.047108 0.274265
0 0.291664 0.519632 0.046431 0.280735
0 0.355753 0.497426 0.045060 0.245441
