0 0.082883 0.463333 0.040967 0.262333
0 0.147867 0.469750 0.037767 0.262500
0 0.199075 0.482583 0.035217 0.262500
0 0.264058 0.476167 0.035850 0.249667
0 0.314625 0.488917 0.034583 0.236833
0 0.376725 0.492167 0.035850 0.243333
0 0.431133 0.498583 0.038400 0.268833
0 0.494508 0.492167 0.051217 0.269000
0 0.576133 0.501750 0.049300 0.275167
0 0.651667 0.517750 0.050567 0.268833
0 0.741292 0.536917 0.054417 0.294500
0 0.818117 0.530500 0.053133 0.281667
0 0.885650 0.524167 0.037133 0.281667
0 0.934292 0.540167 0.035850 0.249667
