0 0.874494 0.550441 0.041741 0.237353
0 0.079066 0.431765 0.042247 0.228235
0 0.152737 0.450000 0.040285 0.228235
0 0.213149 0.472794 0.039304 0.237353
0 0.283631 0.500147 0.046661 0.228235
0 0.348956 0.527647 0.043703 0.228235
0 0.420174 0.541324 0.044684 0.219118
0 0.481329 0.564118 0.045190 0.237353
0 0.552049 0.589191 0.044193 0.260147
0 0.615411 0.616544 0.041266 0.232794
0 0.679264 0.660000 0.037326 0.237353
0 0.738695 0.662279 0.038307 0.251029
0 0.804502 0.602868 0.039288 0.223676
0 0.940799 0.511544 0.043718 0.223676
