0 0.868041 0.500917 0.043430 0.287167
0 0.076418 0.537417 0.039878 0.313833
0 0.146860 0.530083 0.041890 0.291833
0 0.212729 0.548500 0.041555 0.291667
0 0.288155 0.538333 0.042744 0.304667
0 0.354200 0.525833 0.042027 0.298667
0 0.421098 0.508583 0.042043 0.287167
0 0.481349 0.518167 0.042027 0.298667
0 0.544573 0.523917 0.039573 0.310167
0 0.609901 0.554583 0.046235 0.294833
0 0.672774 0.529667 0.044482 0.314000
0 0.731791 0.516250 0.044832 0.294833
0 0.800267 0.506667 0.042393 0.329333
0 0.938979 0.516250 0.041677 0.302500
