0 0.135697 0.416964 0.039263 0.150833
0 0.187375 0.435476 0.041855 0.147143
0 0.247757 0.462202 0.044829 0.154167
0 0.302033 0.482440 0.041487 0.160595
0 0.357230 0.473869 0.041487 0.150833
0 0.416138 0.462321 0.040013 0.147738
0 0.479855 0.457143 0.042237 0.137381
0 0.532086 0.445774 0.035566 0.154167
0 0.645546 0.475952 0.044276 0.140000
0 0.713566 0.466250 0.039474 0.149643
0 0.768243 0.456607 0.042145 0.149643
0 0.831730 0.437321 0.041066 0.159167
0 0.889612 0.434940 0.036276 0.154405
0 0.949092 0.442143 0.041079 0.159286
