0 0.249275 0.475583 0.031917 0.373167
0 0.067058 0.492833 0.030950 0.368333
0 0.118383 0.490333 0.030467 0.373333
0 0.304042 0.453500 0.034383 0.388000
0 0.355617 0.431333 0.035367 0.373333
0 0.418975 0.443583 0.034383 0.397833
0 0.475450 0.438750 0.031433 0.378167
0 0.537833 0.438750 0.034367 0.368500
0 0.590383 0.446167 0.033400 0.373333
0 0.652267 0.448583 0.031433 0.378167
0 0.702125 0.448583 0.032917 0.378167
0 0.763033 0.455917 0.032900 0.363500
0 0.819517 0.451083 0.029967 0.363500
0 0.882625 0.441167 0.030450 0.393000
0 0.937392 0.441250 0.032917 0.383167
0 0.185425 0.490333 0.031917 0.393000
