0 0.087125 0.562560 0.042812 0.277976
0 0.142586 0.562560 0.039891 0.277976
0 0.210687 0.575536 0.037937 0.289167
0 0.262016 0.592202 0.039406 0.285357
0 0.321367 0.614464 0.037453 0.292738
0 0.372687 0.631131 0.037937 0.289167
0 0.441039 0.618214 0.041359 0.292857
0 0.493094 0.603393 0.039406 0.277976
0 0.550742 0.588571 0.038922 0.300238
0 0.598414 0.558869 0.038922 0.307738
0 0.662148 0.520000 0.037953 0.326190
0 0.711766 0.501429 0.043781 0.311429
0 0.771359 0.484762 0.041344 0.292857
0 0.820016 0.464345 0.039406 0.289167
0 0.886906 0.490298 0.041844 0.289167
0 0.940422 0.512560 0.036969 0.311310
