0 0.681978 0.500197 0.035852 0.319868
0 0.626243 0.476645 0.034382 0.291711
0 0.578345 0.457829 0.033887 0.319868
0 0.174615 0.424868 0.028984 0.310526
0 0.225948 0.439079 0.028489 0.301053
0 0.273585 0.453158 0.033407 0.310526
0 0.320982 0.488421 0.036827 0.343421
0 0.374025 0.486118 0.031923 0.319868
0 0.418235 0.488421 0.030948 0.296316
0 0.469066 0.474276 0.029478 0.324605
0 0.523578 0.460263 0.034382 0.305789
0 0.077370 0.422566 0.033887 0.315132
0 0.122060 0.420263 0.032912 0.310526
0 0.947452 0.490789 0.035371 0.301053
0 0.897363 0.516711 0.036346 0.305789
0 0.843084 0.514342 0.033887 0.301053
0 0.794457 0.537895 0.036827 0.310526
0 0.731593 0.511974 0.035852 0.305789
