0 0.544868 0.504265 0.032237 0.235588
0 0.603993 0.505000 0.035461 0.240294
0 0.650546 0.494926 0.035592 0.238676
0 0.699895 0.466838 0.032658 0.254265
0 0.748618 0.441838 0.030711 0.251324
0 0.800961 0.425441 0.031000 0.218529
0 0.850309 0.426176 0.031408 0.220000
0 0.899724 0.441103 0.032526 0.221618
0 0.061572 0.428603 0.034750 0.249559
0 0.951658 0.446544 0.031974 0.232500
0 0.225322 0.511324 0.034197 0.224706
0 0.175697 0.474632 0.033500 0.241912
0 0.113849 0.439559 0.033803 0.255882
0 0.280743 0.536985 0.033382 0.232500
0 0.332954 0.527721 0.033645 0.248088
0 0.388724 0.511250 0.034895 0.243382
0 0.436750 0.493309 0.034053 0.238676
0 0.490987 0.498015 0.031132 0.241912
