0 0.483510 0.489250 0.035929 0.237833
0 0.101851 0.484000 0.035176 0.227333
0 0.171306 0.480083 0.034407 0.235167
0 0.229071 0.474833 0.034423 0.224667
0 0.301034 0.493167 0.034663 0.235000
0 0.367340 0.491917 0.037179 0.232500
0 0.431643 0.493167 0.036683 0.240333
0 0.550321 0.501000 0.037436 0.240333
0 0.615505 0.506250 0.037676 0.266500
0 0.680176 0.518000 0.039936 0.248000
0 0.733678 0.521917 0.038926 0.250833
0 0.802500 0.520583 0.036923 0.263833
0 0.867300 0.518000 0.037933 0.237667
0 0.942652 0.536333 0.036426 0.258667
