0 0.064396 0.585167 0.043281 0.258333
0 0.123459 0.587917 0.042656 0.256500
0 0.217145 0.579000 0.093977 0.249333
0 0.306506 0.546917 0.044943 0.238833
0 0.354411 0.554000 0.045099 0.242333
0 0.427749 0.566500 0.039332 0.238667
0 0.481577 0.566500 0.037955 0.238667
0 0.541172 0.537167 0.040838 0.247667
0 0.592947 0.521083 0.038707 0.261833
0 0.652699 0.516583 0.043722 0.256500
0 0.705312 0.507750 0.038409 0.238833
0 0.767415 0.503250 0.040540 0.254833
0 0.816385 0.501500 0.038565 0.251333
0 0.882507 0.489000 0.043878 0.254667
0 0.940966 0.488167 0.043892 0.253000
