0 0.529730 0.518162 0.033882 0.372500
0 0.945006 0.497132 0.034387 0.366618
0 0.901538 0.506176 0.032909 0.348529
0 0.826148 0.527206 0.075637 0.402647
0 0.760823 0.515147 0.032416 0.378529
0 0.716370 0.533235 0.032909 0.378529
0 0.665042 0.542206 0.034387 0.384706
0 0.621575 0.527206 0.032909 0.366471
0 0.570986 0.518162 0.026034 0.384559
0 0.482578 0.497132 0.028978 0.366618
0 0.440589 0.494191 0.029471 0.384559
0 0.395397 0.512206 0.029471 0.420588
0 0.347758 0.512132 0.031430 0.384559
0 0.296184 0.521176 0.030445 0.390588
0 0.248299 0.521176 0.035853 0.402647
0 0.201881 0.548235 0.028498 0.384706
0 0.150799 0.560294 0.030445 0.372647
0 0.102915 0.557206 0.028978 0.390588
0 0.052326 0.554191 0.029964 0.396618
