0 0.081546 0.513167 0.042769 0.218333
0 0.148199 0.513000 0.040699 0.231000
0 0.212070 0.509667 0.043548 0.231000
0 0.279106 0.504833 0.046438 0.214667
0 0.350612 0.518000 0.043562 0.228000
0 0.413454 0.518000 0.041720 0.228000
0 0.478253 0.521417 0.043817 0.214833
0 0.546734 0.518167 0.044866 0.208333
0 0.615874 0.521417 0.043548 0.227833
0 0.681472 0.521417 0.042513 0.208167
0 0.741949 0.519750 0.042769 0.250500
0 0.802426 0.527917 0.040927 0.221167
0 0.867728 0.524917 0.050242 0.224833
0 0.931962 0.524917 0.047231 0.234167
