0 0.078605 0.391776 0.039421 0.174868
0 0.146395 0.452171 0.041026 0.164079
0 0.207599 0.495329 0.044803 0.174868
0 0.280704 0.529605 0.061066 0.178684
0 0.346572 0.569605 0.038829 0.178947
0 0.406197 0.605132 0.036026 0.155789
0 0.462434 0.624868 0.040211 0.167368
0 0.520434 0.623750 0.035789 0.165132
0 0.566803 0.620263 0.033711 0.162632
0 0.621658 0.614408 0.035105 0.146447
0 0.678836 0.621447 0.035092 0.151053
0 0.731020 0.619079 0.033013 0.155789
0 0.771921 0.629539 0.030684 0.158026
0 0.827592 0.613289 0.032316 0.162632
0 0.886053 0.598158 0.037184 0.169737
0 0.944625 0.560987 0.036250 0.174342
