0 0.095153 0.496417 0.033183 0.319500
0 0.164680 0.497750 0.034651 0.277833
0 0.232267 0.503333 0.034157 0.289000
0 0.296708 0.501917 0.035131 0.286167
0 0.360174 0.507500 0.033198 0.297333
0 0.421824 0.508833 0.031497 0.300000
0 0.489419 0.513000 0.031977 0.275000
0 0.551308 0.499167 0.032209 0.269333
0 0.625799 0.521333 0.036337 0.308333
0 0.686119 0.500583 0.034884 0.288833
0 0.750560 0.510250 0.035858 0.313833
0 0.807238 0.524167 0.036337 0.291667
0 0.872769 0.514417 0.040451 0.294500
0 0.940000 0.535250 0.034884 0.302833
