0 0.277232 0.489333 0.037827 0.264000
0 0.214613 0.481083 0.038304 0.280500
0 0.160335 0.481083 0.038795 0.258500
0 0.092068 0.481083 0.036845 0.269500
0 0.932686 0.527833 0.043229 0.297000
0 0.856853 0.516833 0.039777 0.253000
0 0.792262 0.541583 0.040268 0.280500
0 0.721042 0.516833 0.037321 0.264000
0 0.657195 0.500333 0.041265 0.275000
0 0.594330 0.503083 0.039286 0.280500
0 0.534405 0.503083 0.040268 0.258500
0 0.469568 0.511333 0.040268 0.275000
0 0.404985 0.503083 0.040774 0.280500
0 0.334501 0.492083 0.038318 0.269500
