0 0.135076 0.602083 0.045183 0.268500
0 0.200892 0.572583 0.044192 0.273833
0 0.262530 0.548333 0.048628 0.257667
0 0.326387 0.529583 0.048628 0.263167
0 0.393430 0.532250 0.044207 0.279167
0 0.459733 0.548333 0.042241 0.279333
0 0.520145 0.559083 0.045198 0.257833
0 0.583994 0.559083 0.045183 0.279167
0 0.656441 0.543000 0.045686 0.279333
0 0.707523 0.518833 0.046662 0.252333
0 0.767691 0.526833 0.042241 0.247000
0 0.821959 0.556417 0.043704 0.252500
0 0.890724 0.564417 0.044710 0.225500
0 0.941562 0.577833 0.041265 0.241667
