0 0.935238 0.528583 0.044911 0.248833
0 0.466674 0.481333 0.044896 0.234000
0 0.538467 0.491250 0.042679 0.263833
0 0.608266 0.491250 0.040015 0.263833
0 0.672284 0.508583 0.043557 0.268833
0 0.733192 0.501167 0.045342 0.254000
0 0.792091 0.498750 0.044896 0.268833
0 0.101473 0.481750 0.044464 0.248833
0 0.166153 0.481750 0.044003 0.248833
0 0.231949 0.496667 0.053780 0.259000
0 0.283743 0.491750 0.048021 0.258833
0 0.350424 0.486250 0.046235 0.253833
0 0.866778 0.523583 0.046682 0.258833
0 0.403110 0.483833 0.049345 0.239000
