0 0.063689 0.478026 0.038598 0.234474
0 0.134855 0.479408 0.037668 0.237237
0 0.210793 0.544671 0.034573 0.223816
0 0.276860 0.595329 0.037043 0.218553
0 0.346319 0.612632 0.037668 0.237105
0 0.419649 0.555329 0.039207 0.239868
0 0.487873 0.485000 0.035503 0.239737
0 0.557637 0.434342 0.034878 0.229211
0 0.596997 0.447434 0.031494 0.237237
0 0.660137 0.451382 0.033659 0.218553
0 0.727439 0.520197 0.036738 0.221184
0 0.791494 0.572171 0.035823 0.218553
0 0.866204 0.589474 0.035183 0.226579
0 0.933354 0.546316 0.037348 0.229211
