0 0.640538 0.198971 0.040038 0.098627
0 0.729058 0.181373 0.041808 0.092941
0 0.786875 0.171176 0.043596 0.095196
0 0.862933 0.155882 0.036481 0.098627
0 0.924538 0.148505 0.043154 0.099755
0 0.084990 0.585564 0.042712 0.100931
0 0.146587 0.617304 0.042250 0.096373
0 0.228885 0.659828 0.050269 0.095245
0 0.341635 0.715392 0.045385 0.099804
0 0.617413 0.845221 0.043596 0.103186
0 0.682798 0.875833 0.045365 0.098627
0 0.544904 0.811765 0.046269 0.099804
0 0.478192 0.783995 0.048923 0.103186
0 0.403904 0.744314 0.043577 0.100882
0 0.279144 0.683652 0.040481 0.097500
0 0.314952 0.252230 0.045365 0.091814
0 0.377221 0.242034 0.044481 0.098676
0 0.460394 0.233529 0.038250 0.099804
0 0.519327 0.221618 0.039577 0.100882
0 0.581596 0.207451 0.043154 0.092941
