0 0.213319 0.448015 0.038017 0.241029
0 0.075675 0.436618 0.041724 0.237353
0 0.148685 0.431912 0.038204 0.239118
0 0.280007 0.483088 0.039325 0.250588
0 0.353915 0.525882 0.039497 0.241176
0 0.420223 0.556250 0.038578 0.244853
0 0.479210 0.573529 0.035230 0.245000
0 0.544124 0.562868 0.036724 0.235441
0 0.604598 0.567647 0.040431 0.245000
0 0.669605 0.553382 0.040991 0.235294
0 0.729332 0.558088 0.040991 0.233529
0 0.795359 0.586544 0.043592 0.252500
0 0.868534 0.611324 0.041178 0.237353
0 0.936516 0.636912 0.041365 0.242941
