0 0.390097 0.473487 0.035271 0.277500
0 0.623763 0.464605 0.034124 0.271579
0 0.571411 0.461645 0.033544 0.289342
0 0.444749 0.482368 0.032384 0.318947
0 0.534401 0.458684 0.033544 0.295263
0 0.482062 0.467566 0.034124 0.277500
0 0.060715 0.491184 0.034704 0.336579
0 0.107854 0.488224 0.031817 0.318816
0 0.162506 0.464605 0.035863 0.295263
0 0.204729 0.467566 0.030077 0.301184
0 0.276153 0.464605 0.068827 0.295263
0 0.346714 0.470526 0.032964 0.307105
0 0.659613 0.488289 0.035284 0.307105
0 0.733357 0.508882 0.062461 0.324868
0 0.809994 0.502961 0.037590 0.301184
0 0.845561 0.523684 0.035863 0.307105
0 0.929137 0.517763 0.076933 0.318947
