0 0.077560 0.439044 0.028643 0.217206
0 0.129804 0.449853 0.026631 0.207941
0 0.190714 0.463824 0.073595 0.204706
0 0.258911 0.457647 0.028131 0.248235
0 0.306125 0.415735 0.029131 0.214118
0 0.347946 0.409485 0.031393 0.245147
0 0.397054 0.429706 0.029631 0.229706
0 0.443518 0.473162 0.026631 0.235735
0 0.490988 0.510368 0.029643 0.229559
0 0.528292 0.505662 0.026869 0.245147
0 0.569357 0.490221 0.026119 0.238971
0 0.607786 0.463824 0.026119 0.204706
0 0.650988 0.463824 0.026619 0.204706
0 0.692185 0.479338 0.029131 0.223382
0 0.743798 0.515000 0.028881 0.207941
0 0.798554 0.532059 0.029393 0.242059
0 0.855071 0.515000 0.027881 0.220294
0 0.896887 0.510368 0.026131 0.235735
0 0.950643 0.501103 0.026119 0.217206
