0 0.072763 0.531583 0.037895 0.223833
0 0.133737 0.516583 0.040211 0.226833
0 0.185684 0.522417 0.037184 0.220833
0 0.249250 0.540167 0.039289 0.232667
0 0.316079 0.584333 0.039974 0.226667
0 0.376046 0.599000 0.037645 0.226667
0 0.432875 0.587250 0.036487 0.226833
0 0.486105 0.575417 0.037421 0.220833
0 0.545368 0.575417 0.036026 0.220833
0 0.598138 0.582833 0.033697 0.229667
0 0.642645 0.588750 0.034395 0.217833
0 0.700408 0.572500 0.035105 0.215000
0 0.762112 0.544583 0.036724 0.217833
0 0.820342 0.526833 0.032316 0.194333
0 0.877520 0.547500 0.036487 0.200333
0 0.936671 0.551917 0.037658 0.209167
