0 0.070000 0.541833 0.037360 0.346333
0 0.127795 0.548667 0.033848 0.318667
0 0.184129 0.531417 0.033287 0.311833
0 0.241924 0.548750 0.033287 0.304833
0 0.307310 0.541833 0.035604 0.291000
0 0.361313 0.545250 0.033862 0.297833
0 0.413560 0.541833 0.033272 0.291000
0 0.464635 0.548667 0.032697 0.291000
0 0.541699 0.534833 0.037360 0.291000
0 0.603574 0.541750 0.033862 0.304833
0 0.654368 0.528000 0.033848 0.318667
0 0.708076 0.541750 0.035028 0.304833
0 0.766461 0.541750 0.035028 0.304833
0 0.826875 0.531417 0.034452 0.325500
0 0.883216 0.527917 0.032697 0.304833
0 0.943926 0.514083 0.031531 0.304833
