0 0.830053 0.527961 0.037274 0.356184
0 0.880151 0.542961 0.037289 0.343289
0 0.938870 0.530132 0.032922 0.351842
0 0.761047 0.538750 0.034834 0.369079
0 0.066054 0.528026 0.036777 0.364737
0 0.140497 0.560197 0.035361 0.386184
0 0.218072 0.583750 0.036295 0.339079
0 0.294473 0.590197 0.038795 0.343289
0 0.360512 0.579474 0.036295 0.338947
0 0.430248 0.570921 0.034322 0.347632
0 0.499774 0.538684 0.038795 0.360526
0 0.641227 0.527961 0.032907 0.356184
0 0.698667 0.512961 0.033840 0.351974
0 0.573449 0.530132 0.036837 0.351842
