0 0.074508 0.495735 0.042612 0.214706
0 0.138336 0.513676 0.042008 0.216765
0 0.199143 0.550515 0.039803 0.227206
0 0.262065 0.569412 0.044635 0.202059
0 0.331629 0.546544 0.044719 0.206912
0 0.397212 0.544779 0.039537 0.210441
0 0.456601 0.540441 0.042697 0.212353
0 0.522514 0.551838 0.043567 0.206912
0 0.597999 0.527279 0.047739 0.213971
0 0.663581 0.515882 0.041882 0.201765
0 0.733020 0.488676 0.041376 0.210588
0 0.796243 0.503603 0.043581 0.212206
0 0.865183 0.513235 0.044073 0.210588
0 0.938048 0.523750 0.048399 0.206912
