0 0.576376 0.457566 0.026671 0.362763
0 0.065006 0.426776 0.027993 0.355658
0 0.105919 0.416842 0.027007 0.350263
0 0.155697 0.428618 0.027837 0.341184
0 0.200258 0.413092 0.028161 0.342763
0 0.246064 0.440263 0.029988 0.350000
0 0.294597 0.445724 0.027656 0.346447
0 0.614231 0.438487 0.030817 0.335395
0 0.345619 0.447566 0.028329 0.331974
0 0.392416 0.452961 0.025841 0.339079
0 0.463648 0.463158 0.067248 0.348158
0 0.531899 0.441184 0.030144 0.348158
0 0.662680 0.464803 0.030313 0.344605
0 0.716605 0.470395 0.036454 0.311842
0 0.755703 0.478618 0.040421 0.324605
0 0.839357 0.530263 0.069243 0.337368
0 0.933528 0.570132 0.071406 0.370000
