0 0.070142 0.434667 0.045886 0.210000
0 0.139209 0.423000 0.046677 0.230000
0 0.191266 0.415500 0.039715 0.221667
0 0.251234 0.429667 0.046044 0.220000
0 0.315870 0.453833 0.049051 0.221667
0 0.383750 0.492167 0.043671 0.228333
0 0.452104 0.506333 0.045253 0.210000
0 0.523782 0.505500 0.043987 0.215000
0 0.587785 0.504667 0.040348 0.206667
0 0.654161 0.517167 0.041456 0.168333
0 0.720380 0.543000 0.041297 0.203333
0 0.789367 0.542167 0.041297 0.205000
0 0.854161 0.518000 0.043354 0.223333
0 0.934225 0.498000 0.044937 0.210000
