0 0.082040 0.490882 0.043142 0.192059
0 0.142812 0.493603 0.041875 0.197500
0 0.216016 0.510956 0.040295 0.205441
0 0.277569 0.513603 0.036840 0.216029
0 0.347474 0.492206 0.044392 0.237353
0 0.406979 0.464265 0.045660 0.218824
0 0.482222 0.446912 0.045035 0.205294
0 0.546675 0.450882 0.046094 0.188824
0 0.618837 0.471691 0.047604 0.230441
0 0.678168 0.490956 0.046094 0.230441
0 0.749948 0.527794 0.037778 0.195294
0 0.801337 0.537353 0.041562 0.220882
0 0.856502 0.532574 0.043073 0.230441
0 0.926962 0.495735 0.041181 0.220882
