0 0.568851 0.548833 0.034626 0.311667
0 0.066336 0.482167 0.041667 0.341667
0 0.135014 0.525500 0.030747 0.305000
0 0.183937 0.538833 0.030891 0.321667
0 0.248520 0.511333 0.031897 0.320000
0 0.294425 0.483833 0.030029 0.308333
0 0.378621 0.488833 0.068247 0.331667
0 0.456638 0.531333 0.032328 0.293333
0 0.508649 0.536333 0.032040 0.296667
0 0.617198 0.522167 0.031322 0.345000
0 0.685302 0.468000 0.031322 0.323333
0 0.732284 0.453833 0.031034 0.311667
0 0.812601 0.513000 0.070115 0.360000
0 0.886882 0.559667 0.028448 0.323333
0 0.939684 0.562167 0.029167 0.328333
