0 0.680862 0.491176 0.043339 0.337059
0 0.087286 0.487353 0.045016 0.329412
0 0.154810 0.483456 0.040854 0.313676
0 0.231297 0.473824 0.046266 0.317647
0 0.297579 0.471838 0.048766 0.313676
0 0.375941 0.477647 0.047104 0.325294
0 0.438679 0.466029 0.043339 0.333235
0 0.509747 0.464118 0.046266 0.321471
0 0.571234 0.468015 0.045854 0.329265
0 0.630427 0.489265 0.043354 0.333235
0 0.745680 0.481471 0.045443 0.317647
0 0.803829 0.489265 0.044177 0.340882
0 0.870736 0.498971 0.045427 0.313824
0 0.933054 0.516397 0.049177 0.317794
