0 0.095745 0.453456 0.041401 0.236618
0 0.152786 0.435735 0.041988 0.232647
0 0.228584 0.433750 0.042590 0.236618
0 0.285316 0.454412 0.041386 0.230588
0 0.364330 0.467206 0.041581 0.232647
0 0.419857 0.466250 0.042395 0.230735
0 0.482131 0.450515 0.045437 0.230735
0 0.540783 0.453456 0.043193 0.244559
0 0.617688 0.494853 0.041973 0.224706
0 0.672184 0.508603 0.040783 0.228676
0 0.741732 0.506618 0.045422 0.252353
0 0.796438 0.499779 0.043810 0.234559
0 0.875783 0.473162 0.039759 0.232500
0 0.943712 0.486985 0.043630 0.228676
