0 0.940584 0.282772 0.047977 0.137283
0 0.068742 0.408859 0.040806 0.224674
0 0.142237 0.416359 0.036645 0.219674
0 0.200419 0.410109 0.037418 0.217174
0 0.275609 0.401413 0.039671 0.209783
0 0.346266 0.416359 0.041941 0.219674
0 0.426365 0.472554 0.039671 0.222283
0 0.483783 0.531196 0.036645 0.199783
0 0.561053 0.579946 0.035526 0.222283
0 0.637755 0.636087 0.036266 0.219783
0 0.709910 0.677283 0.040049 0.222174
0 0.557278 0.343967 0.044589 0.119891
0 0.630765 0.330217 0.046464 0.127391
0 0.709729 0.306522 0.041168 0.129783
0 0.780757 0.290272 0.040428 0.127283
0 0.862936 0.277772 0.043832 0.132283
