0 0.866883 0.455592 0.045176 0.282237
0 0.071202 0.514013 0.039295 0.318553
0 0.139479 0.506053 0.045176 0.286316
0 0.206763 0.540263 0.042244 0.290263
0 0.273077 0.528158 0.042244 0.298421
0 0.340849 0.491908 0.050096 0.306447
0 0.402740 0.453553 0.044199 0.310526
0 0.468798 0.441447 0.040769 0.286316
0 0.532652 0.453553 0.042740 0.302368
0 0.594535 0.481842 0.046667 0.286316
0 0.652244 0.483816 0.047147 0.298421
0 0.730833 0.455592 0.044199 0.306447
0 0.798365 0.457566 0.040769 0.318553
0 0.933926 0.479803 0.043718 0.306447
