0 0.099117 0.553088 0.040433 0.366471
0 0.167525 0.543235 0.042083 0.356765
0 0.235083 0.540809 0.043200 0.361618
0 0.294900 0.528603 0.038767 0.366618
0 0.356100 0.504191 0.040433 0.356618
0 0.422842 0.494412 0.039883 0.347059
0 0.487367 0.460147 0.037100 0.356765
0 0.554108 0.460221 0.036550 0.366618
0 0.614750 0.479706 0.040433 0.366471
0 0.675117 0.489559 0.040433 0.356765
0 0.739925 0.504191 0.042650 0.366618
0 0.802783 0.533456 0.038767 0.376324
0 0.870633 0.543235 0.034900 0.356765
0 0.938475 0.523750 0.036550 0.366618
