0 0.273517 0.487000 0.028444 0.271667
0 0.066729 0.453583 0.030399 0.268167
0 0.114761 0.464167 0.030691 0.254000
0 0.174840 0.481750 0.030957 0.282167
0 0.217493 0.497583 0.028444 0.250500
0 0.312400 0.495917 0.030120 0.261167
0 0.371516 0.501167 0.031250 0.257667
0 0.411184 0.511750 0.028989 0.250500
0 0.471882 0.525917 0.034907 0.285833
0 0.541270 0.518833 0.036343 0.278667
0 0.602347 0.511750 0.032380 0.250500
0 0.652174 0.501167 0.032380 0.271667
0 0.717101 0.522333 0.029840 0.264667
0 0.763384 0.515250 0.029003 0.250500
0 0.824475 0.510000 0.030678 0.261000
0 0.867985 0.510000 0.029295 0.254000
0 0.940465 0.524083 0.038564 0.282167
