0 0.728610 0.567417 0.040758 0.320500
0 0.668441 0.555750 0.035365 0.297167
0 0.620801 0.547000 0.037331 0.314667
0 0.552037 0.552833 0.055983 0.314667
0 0.470997 0.544083 0.056966 0.332167
0 0.335190 0.529500 0.038806 0.314667
0 0.391426 0.523667 0.053048 0.303000
0 0.259551 0.526583 0.058455 0.308833
0 0.172374 0.503250 0.064831 0.297167
0 0.086419 0.512000 0.058933 0.303000
0 0.939073 0.547000 0.034382 0.303000
0 0.879881 0.549917 0.033890 0.308833
0 0.832978 0.538250 0.035365 0.297167
0 0.782142 0.552833 0.036840 0.314667
