0 0.599959 0.531765 0.039780 0.262941
0 0.649815 0.515956 0.042239 0.252500
0 0.702370 0.536912 0.039299 0.305000
0 0.750254 0.534338 0.035865 0.278676
0 0.810419 0.523824 0.037321 0.278824
0 0.868874 0.518529 0.036346 0.268235
0 0.935179 0.539632 0.039286 0.278676
0 0.258599 0.505441 0.040769 0.294412
0 0.194018 0.505368 0.038310 0.283971
0 0.136058 0.492206 0.037335 0.257647
0 0.072706 0.497574 0.040275 0.278676
0 0.309190 0.518603 0.040769 0.278676
0 0.368867 0.513309 0.038310 0.289265
0 0.425103 0.513309 0.037816 0.278676
0 0.484533 0.521176 0.039780 0.273529
0 0.540529 0.526471 0.040755 0.305000
