0 0.502205 0.473750 0.031114 0.258971
0 0.012528 0.406691 0.025057 0.258971
0 0.066358 0.416250 0.027784 0.249265
0 0.120261 0.418676 0.029636 0.235000
0 0.156562 0.435368 0.026670 0.230147
0 0.208057 0.428235 0.025932 0.235000
0 0.259926 0.421029 0.028898 0.210882
0 0.310864 0.418603 0.030750 0.215735
0 0.349761 0.421029 0.029273 0.239706
0 0.403108 0.430588 0.028534 0.220588
0 0.454045 0.459338 0.029636 0.230147
0 0.556665 0.483382 0.034830 0.220588
0 0.613716 0.492941 0.030386 0.239706
0 0.668915 0.492941 0.031852 0.239706
0 0.718557 0.516985 0.025182 0.230147
0 0.770239 0.557721 0.030750 0.244559
0 0.825432 0.579265 0.028523 0.210882
0 0.886562 0.581691 0.027784 0.244559
0 0.942534 0.561250 0.034568 0.240147
