0 0.084117 0.375658 0.031603 0.180000
0 0.142595 0.359276 0.032310 0.184605
0 0.185136 0.376184 0.029511 0.186842
0 0.236970 0.427961 0.032310 0.168816
0 0.293682 0.486316 0.033696 0.173421
0 0.351094 0.508750 0.034171 0.173289
0 0.403621 0.498816 0.033709 0.171053
0 0.458940 0.510066 0.032310 0.184605
0 0.518791 0.569737 0.033016 0.191316
0 0.577717 0.624868 0.032772 0.175526
0 0.623621 0.635987 0.033465 0.188816
0 0.686488 0.595592 0.034633 0.198026
0 0.755299 0.553684 0.031793 0.197632
0 0.816386 0.563421 0.034130 0.197632
0 0.871793 0.587697 0.037799 0.181447
0 0.938580 0.548816 0.037486 0.201053
